0000000000000000000000000000
0000000000000000000000000000
0011111111111111111111111100
0000000000000000001111111100
0000000000000000000000001100
0000000000000000000000101100
0000000000000000000000001100
0000000000000000000000001100
0000000000000000000000001100
0000000000000000000000001100
0000000000000000000000001100
0000000000000000000000001100
0000000000000000000000001100
0000000000000000000000001100
0000000000000000000000001100
0000000000000000000000001100
0000000000000000000000001100
0000000000000000000000001100
0000000000000000000000000100
0000000000000000000000000100
0000000000000000000000000100
0000000000000000000000000100
0000000000000000000000000100
0000000000000000000000000100
0000000000000000000000000100
0010000000000000000000011100
0000000000000000000000000000
0000000000000000000000000000
