0000000000000000000000000000
0000000000000000000000000000
0000111111111111111111111100
0000000000000000000000011100
0000000000000000000000011100
0000000000000000000000011100
0000000000000000000000011100
0000000000000000000000011100
0000000000000000000000011100
0000000000000000000000011100
0000000000000000000000011100
0000000000000000000000001100
0000000000000000000000001100
0000000000000000000000001100
0000000000000000000000001100
0000000000000000000000011100
0000000000000000000000011100
0000000000000000000000011100
0000000000000000000000011100
0000000000000000000000011100
0000000000000000000000011100
0000000000000000000000011100
0000000000000000000000011100
0000000000000000000000011100
0000000000000000000000011100
0000000000011001111111111100
0000000000000000000000000000
0000000000000000000000000000
