0000000000000000000000000000
0000000000000000000000000000
0011100000000000000000000000
0011100000000000000000000000
0011100000000000000000000000
0011100000000000000000000000
0011000000000000000000000000
0011000000000000000000000000
0011100000000000000000000000
0011000000000000000000000000
0011100000000000000000000000
0011100000000000000000000000
0011100000000000000000000000
0011100000000000000000000000
0011100000000000000000000000
0011100000000000000000000000
0011100000000000000000000000
0011100000000000000000000000
0011100000000000000000000000
0011110000000000000000000000
0011110000000000000000000000
0011110000000000000000000000
0011111000000000000111000000
0011111000000000000000000000
0011111111111111111111111100
0011111111111111111111111100
0000000000000000000000000000
0000000000000000000000000000
