0000000000000000000000000000
0000000000000000000000000000
0010000000000000000000000000
0010000000000000000000000000
0010000000000000000000000000
0010000000000000000000000000
0010000000000000000000000000
0011000000000000000000000000
0011000000000000000000000000
0011000000000000000000000000
0011000000000000000000000000
0011000000000000000000000000
0011000000000000000000000000
0011000000000000000000000000
0011000000000000000000000000
0010000000000000000000000000
0010000000000000000000000000
0010000000000000000000000000
0010000000000000000000000000
0010000000000000000000000000
0010000000000000000000000000
0010000000000000000000000000
0010000000000000000000000000
0011000000000000000000000000
0011000000000000000000000000
0011111011100000001111110100
0000000000000000000000000000
0000000000000000000000000000
