0000000000000000000000000000
0000000000000000000000000000
0011111111100000000000000000
0000100000000000000000000000
0000100000000000000000000000
0000100000000000000000000000
0000100000000000000000000000
0000100000000000000000000000
0000100000000000000000000000
0000100000000000000000000000
0000100000000000000000000000
0000100000000000000000000000
0000100000000000000000000000
0000100000000000000000000000
0000100000000000000000000000
0000100000000000000000000000
0000100000000000000000000000
0000100000000000000000000000
0001100000000100000000000000
0001100000000000000000000000
0001100000000000000000000000
0000100000000000000000000000
0001100000000000000000000000
0001100000000000000000000000
0001100000000000000000000000
0001100000000000000000000000
0000000000000000000000000000
0000000000000000000000000000
