0000000000000000000000000000
0000000000000000000000000000
0011111111111111111111111100
0011111111111111111111111100
0011111111111111111111111100
0011000000000000001110011100
0010000000000000001110001100
0010000000000000001111001100
0000000000000000000000001100
0000000000000000000000001100
0000000000000000000000001100
0000000000000000000000001100
0000000000000000000000001100
0000000000000000000000001100
0000000000000000000000001100
0000000000000000000000001100
0000000000000000000000001100
0000000000000000000000001100
0000000000000000000000001100
0000000000000000000000001100
0000000000000000000000001100
0000000000000000000000001100
0000000000000000000000001100
0000000000000000000000001100
0000000000000000000000001100
0000000000000000000000001100
0000000000000000000000000000
0000000000000000000000000000
