0000000000000000000000000000
0000000000000000000000000000
0010000000000000000000000000
0010000000000000000000000000
0010000000000000000000000000
0010000000000000000000000000
0010000000000000000000000000
0010000000000000000000000000
0010000000000000000000000000
0010000000000000000000000000
0010000000000000000000000000
0010000000000000000000000000
0010000000000000000000000000
0010000000000000000000000000
0010000000000000000000000000
0010000000000000000000000000
0010000000000000000000000000
0010000000000000000000000000
0010000000000000000000000000
0010000000000000000000000000
0010000000000000000000000000
0010000000000000000000000000
0010000000000000000000000000
0010000000000000000000000000
0010000000000000000000000000
0011100000000010000011111100
0000000000000000000000000000
0000000000000000000000000000
