0000000000000000000000000000
0000000000000000000000000000
0011111111111111111111111100
0011111111111111111111111100
0011111111111111111111111100
0011000000000000000000111100
0010000000000000000000000100
0010000000000000000000000100
0010000000000000000000000100
0010000000000000000000000100
0010000000000000000000000100
0010000000000000000000000100
0010000000000000000000000100
0000000000000000000000000100
0000000000000000000000000100
0000000000000000000000000100
0010000000000000000000000100
0010000000000000000000000100
0010000000000000000000000000
0010000000000000000000000000
0010000000000000000000000000
0010000000000000000000000000
0000000000000000000000000000
0000000000000000000000000100
0000000000000000000000000000
0010000000000000000000000100
0000000000000000000000000000
0000000000000000000000000000
