0000000000000000000000000000
0000000000000000000000000000
0000000000000000000000000000
0000000000000000000000000000
0000000000000000000000000000
0000000000000000000000000000
0000000000000000000000000000
0000000000000000000000000000
0000000000000000000000000000
0000000000100000000000000000
0000000111110000000000000000
0000001111110000000000000000
0000001111110000000000000000
0000000001110000000000000000
0000000001110000000000000000
0000000001110000000000000000
0000000001110000000000000000
0000000001110000000000000000
0000000001110000000000000000
0000000001110000000000000000
0000000001110000000000000000
0000000001110000000000000000
0000000001110000000000000000
0000000001110000000000000000
0000000001110000000000000000
0000000001110000000000000000
0000000001110000000000000000
0000000001110000000000000000
