0000000000000000000000000000
0000000000000000000000000000
0000000000000000000000000000
0000000000000000000000000000
0000000000000000000000000000
0000000000000000000000000000
0000000000000000000000000000
0000000000000000000000000000
0000000000000000000000000000
0000000000000000000000000000
0000000000000000000000000000
0000000000000000000000000000
0000000011110000000000000000
0000000011110000000000000000
0000001111110000000000000000
0000001111110000000000000000
0000000011110000000000000000
0000000011110000000000000000
0000000011110000000000000000
0000000011110000000000000000
0000000011110000000000000000
0000000011110000000000000000
0000000011110000000000000000
0000000011110000000000000000
0000000000000000000000000000
0000000000000000000000000000
0000000000000000000000000000
0000000000000000000000000000
