0000000000000000000000000000
0000000000000000000000000000
0000000000000000000000000000
0000000000000000000000000000
0000000000000000000000000000
0000000000000000000000000000
0000000000000000000000000000
0000000000000000000000000000
0000000000000000000000000000
0000000000001110000000000000
0000000001111111000000000000
0000000001111111000000000000
0000000000001111000000000000
0000000000001111000000000000
0000000000001111000000000000
0000000000001111000000000000
0000000000001111000000000000
0000000000001111000000000000
0000000000001111000000000000
0000000000001111000000000000
0000000000001111000000000000
0000000000001111000000000000
0000000000001111000000000000
0000000000101111110000000000
0000000001111111111100000000
0000000000000000000000000000
0000000000000000000000000000
0000000000000000000000000000
