0000000000000000000000000000
0000000000000000000000010000
0000000000000000000000111000
0000000000000000000001111000
0000000000000000001111111000
0000000000000000011111111000
0000000000000000001111111000
0000000000000000000001111000
0000000000000000000001111000
0000000000000000000001111000
0000000000000000000001111000
0000000000000000000001111000
0000000000000000000001111000
0000000000000000000001111000
0000000000000000000001111000
0000000000000000000001111000
0000000000000000000001111000
0000000000000000000001111000
0000000000000000000001111000
0000000000000000000000110000
0000000000000000000000000000
0000000000000000000000000000
0000000000000000000000000000
0000000000000000000000000000
0000000000000000000000000000
0000000000000000000000000000
0000000000000000000000000000
0000000000000000000000000000
