0000000000000000000000000000
0000000000000000000000000000
0000000000000000000000000000
0000000000000000000000000000
0000000000000000000000000000
0000000000000000000000000000
0000000000000000000000000000
0000000000000000000000000000
0000000000000000000000000000
0000000000000000000000000000
0000000000000000000000000000
0000000000000000100000000000
0000000000001111110000000000
0000000000111111110000000000
0000000001111111110000000000
0000000000111111110000000000
0000000000000011110000000000
0000000000000011110000000000
0000000000000011110000000000
0000000000000011110000000000
0000000000000011110000000000
0000000000000011110000000000
0000000000000011110000000000
0000000000000011110000000000
0000000000000011110000000000
0000000000000011110000000000
0000000000000011110000000000
0000000000000011110000000000
