0000000000000000000000000000
0000000000000000000000000000
0000000000000000000000000000
0000000000000000000000000000
0000000000000000000000000000
0000000000000000000000000000
0000000000000000000000000000
0000000000000000000000000000
0000000000000000000000000000
0000000000000000000000000000
0000000000000000000000000000
0000000000000000011100000000
0000000000000001111100000000
0000000000000011111110000000
0000000000000111111100000000
0000000000000010011100000000
0000000000000000011100000000
0000000000000000011100000000
0000000000000000011100000000
0000000000000000011100000000
0000000000000000011100000000
0000000000000000011100000000
0000000000000000011100000000
0000000000000000011100000000
0000000000000000000000000000
0000000000000000000000000000
0000000000000000000000000000
0000000000000000000000000000
