0000000000000000000000000000
0000000000000000000000000000
0000000000000000000000000000
0000000000000000000000000000
0000000000000000000000000000
0000000000000000000000000000
0000000000000000011000000000
0000000000000000011000000000
0000000000000000001000000000
0000000000000000001000000000
0000000000000000001000000000
0000000000000000001000000000
0000000000000000001000000000
0000000000000000001000000000
0000000000000000001000000000
0000000000000000001000000000
0000000000000000001100000000
0000000000000000001000000000
0000000000000000001000000000
0000000000000000011110000000
0000000000000000011110000000
0000000000000000000000000000
0000000000000000000000000000
0000000000000000000000000000
0000000000000000000000000000
0000000000000000000000000000
0000000000000000000000000000
0000000000000000000000000000
