0000000000000000000000000000
0000000000000000000000000000
0000000000010000000000000000
0000000000110000000000000000
0000000001110000000000000000
0000000011110000000000000000
0000000011110000000000000000
0000000000110000000000000000
0000000000110000000000000000
0000000000110000000000000000
0000000000110000000000000000
0000000000110000000000000000
0000000000110000000000000000
0000000000110000000000000000
0000000000110000000000000000
0000000000110000000000000000
0000000000110000000000000000
0000000000110000000000000000
0000000000110000000000000000
0000000000000000000000000000
0000000000000000000000000000
0000000000000000000000000000
0000000000000000000000000000
0000000000000000000000000000
0000000000000000000000000000
0000000000000000000000000000
0000000000000000000000000000
0000000000000000000000000000
