0000000000000000000000000000
0000000000000000010000000000
0000000000000001111100000000
0000000000000111111100000000
0000000000001111111100000000
0000000000001111111100000000
0000000000001111111100000000
0000000000001101111100000000
0000000000000001111100000000
0000000000000001111100000000
0000000000000001111100000000
0000000000000001111100000000
0000000000000001111100000000
0000000000000001111100000000
0000000000000001111100000000
0000000000000001111100000000
0000000000000001111100000000
0000000000000001111100000000
0000000000000000111000000000
0000000000000000000000000000
0000000000000000000000000000
0000000000000000000000000000
0000000000000000000000000000
0000000000000000000000000000
0000000000000000000000000000
0000000000000000000000000000
0000000000000000000000000000
0000000000000000000000000000
