0000000000000000000000000000
0000000000000000000000000000
0000000000000000000000000000
0000000000000000000000000000
0000000000000000000000000000
0000000000000000000000000000
0000000000000000000000000000
0000000000000000000000000000
0000000000000000000000000000
0000000000000000000000000000
0000000000000000000000000000
0000000000000000000000000000
0000000000000000001111100000
0000000000000001111111100000
0000000000000001101111000000
0000000000000000001111000000
0000000000000000001111000000
0000000000000000001111000000
0000000000000000001111000000
0000000000000000001111000000
0000000000000000001111000000
0000000000000000001111000000
0000000000000000001111000000
0000000000000000001111000000
0000000000000000001111100000
0000000000000000111111111000
0000000000000000000000000000
0000000000000000000000000000
