0000000000000000000000000000
0000000000000000000000000000
0000000000000000000000000000
0000000000000000000000000000
0000000000000000000000000000
0000000000000000000000000000
0000000000000000000000000000
0000000000000000000000000000
0000000000000000000000000000
0000000000000000000000000000
0000000000000000000000000000
0000000000000000000000000000
0000000000000000111000000000
0000000000000001111000000000
0000000000000011111000000000
0000000000001111111000000000
0000000000001100011000000000
0000000000000000011000000000
0000000000000000011000000000
0000000000000000011000000000
0000000000000000011000000000
0000000000000000011000000000
0000000000000000011000000000
0000000000000000011000000000
0000000000000000011000000000
0000000000000000011000000000
0000000000000000001000000000
0000000000000000000000000000
