0000000000000000000000000000
0000000000000000000001100000
0000000000000000000011100000
0000000000000000001111100000
0000000000000000111111100000
0000000000000000111111100000
0000000000000000000011100000
0000000000000000000011100000
0000000000000000000011100000
0000000000000000000011100000
0000000000000000000011100000
0000000000000000000011100000
0000000000000000000011100000
0000000000000000000011100000
0000000000000000000011100000
0000000000000000000011100000
0000000000000000000011100000
0000000000000000000000000000
0000000000000000000000000000
0000000000000000000000000000
0000000000000000000000000000
0000000000000000000000000000
0000000000000000000000000000
0000000000000000000000000000
0000000000000000000000000000
0000000000000000000000000000
0000000000000000000000000000
0000000000000000000000000000
