0000000000000000000000000000
0000000000000000000000000000
0000000000000000000000000000
0000000000000000000000000000
0000000000000000000000000000
0000000000000000000000000000
0000000000000000000000000000
0000000000000000000000000000
0000000000000000000000000000
0000000011100000000000000000
0001111111100000000000000000
0001101111100000000000000000
0000000111100000000000000000
0000000111100000000000000000
0000000111100000000000000000
0000000111100000000000000000
0000000111100000000000000000
0000000111100000000000000000
0000000111100000000000000000
0000000111100000000000000000
0000001111110000000000000000
0000011111111000000000000000
0000000000000000000000000000
0000000000000000000000000000
0000000000000000000000000000
0000000000000000000000000000
0000000000000000000000000000
0000000000000000000000000000
