0000000000000000000000000000
0000000000000000000000000000
0000000000000000000000000000
0000000000000000000000000000
0000000000000000000000000000
0000000000000000011111000000
0000000000000001011111000000
0000000000000001111111000000
0000000000000000011111000000
0000000000000000011111000000
0000000000000000011111000000
0000000000000000011111000000
0000000000000000011111000000
0000000000000000011111000000
0000000000000000011111000000
0000000000000000011111000000
0000000000000000011111000000
0000000000000000000000000000
0000000000000000000000000000
0000000000000000000000000000
0000000000000000000000000000
0000000000000000000000000000
0000000000000000000000000000
0000000000000000000000000000
0000000000000000000000000000
0000000000000000000000000000
0000000000000000000000000000
0000000000000000000000000000
