0000000000000000000000000000
0000000000000000000000000000
0000000000000000000000000000
0000000000000000000000000000
0000000000000000000000000000
0000000000000000000100000000
0000000000000000001110000000
0000000000000000011110000000
0000000000000001111110000000
0000000000000001111110000000
0000000000000000001110000000
0000000000000000001110000000
0000000000000000001110000000
0000000000000000001110000000
0000000000000000001110000000
0000000000000000001110000000
0000000000000000001110000000
0000000000000000001110000000
0000000000000000001110000000
0000000000000000000100000000
0000000000000000000000000000
0000000000000000000000000000
0000000000000000000000000000
0000000000000000000000000000
0000000000000000000000000000
0000000000000000000000000000
0000000000000000000000000000
0000000000000000000000000000
