0000000000000000000000000000
0000000000000000000000000000
0000000000000000000000000000
0000000000000011100000000000
0000000000000111100000000000
0000000000001111100000000000
0000000000000011100000000000
0000000000000001100000000000
0000000000000001100000000000
0000000000000001100000000000
0000000000000001100000000000
0000000000000001100000000000
0000000000000001100000000000
0000000000000001100000000000
0000000000000001100000000000
0000000000000001100000000000
0000000000000111111000000000
0000000000001111111100000000
0000000000000000000000000000
0000000000000000000000000000
0000000000000000000000000000
0000000000000000000000000000
0000000000000000000000000000
0000000000000000000000000000
0000000000000000000000000000
0000000000000000000000000000
0000000000000000000000000000
0000000000000000000000000000
