0000000000000000000000000000
0000000000000000000000000000
0000000000000000000000000000
0000000000000000000000000000
0000000000000000000000000000
0000000000000000000000000000
0000000000000000000000000000
0000000000000000000000000000
0000000000000000000000000000
0000000000000000000000000000
0000000000000000000000000000
0000000000000000000000000000
0000000000000000000000000000
0000000000000000011111100000
0000000000000011111111100000
0000000000000011111111100000
0000000000000000000111100000
0000000000000000000111100000
0000000000000000000111100000
0000000000000000000111100000
0000000000000000000111100000
0000000000000000000111100000
0000000000000000000111100000
0000000000000000000111100000
0000000000000000000111100000
0000000000000000000111100000
0000000000000000000111100000
0000000000000011111111111111
