0000000000000000000000000000
0000000000000000000000000000
0000000000000000000000000000
0000000000000000000000000000
0000000000000000000000000000
0000000000000000000000000000
0000000000000000000000000000
0000000000000000000000000000
0000000000000000000000000000
0000000000000000000000000000
0000000000000000000000000000
0000000000000000000000000000
0000001111110000000000000000
0000011111110000000000000000
0000000011110000000000000000
0000000011110000000000000000
0000000001110000000000000000
0000000001110000000000000000
0000000001110000000000000000
0000000001110000000000000000
0000000001110000000000000000
0000000001110000000000000000
0000000001110000000000000000
0000000001110000000000000000
0000000011111000000000000000
0000011111111111000000000000
0000000000000000000000000000
0000000000000000000000000000
