0000000000000111110000000000
0000000000001111110000000000
0000000000111111110000000000
0000000000111111110000000000
0000000000111111110000000000
0000000000100111110000000000
0000000000000111110000000000
0000000000000111110000000000
0000000000000111110000000000
0000000000000111110000000000
0000000000000111110000000000
0000000000000111110000000000
0000000000000111110000000000
0000000000000111110000000000
0000000000000011100000000000
0000000000000000000000000000
0000000000000000000000000000
0000000000000000000000000000
0000000000000000000000000000
0000000000000000000000000000
0000000000000000000000000000
0000000000000000000000000000
0000000000000000000000000000
0000000000000000000000000000
0000000000000000000000000000
0000000000000000000000000000
0000000000000000000000000000
0000000000000000000000000000
