0000000000000000000000000000
0000000000000000000000000000
0000000000000000000000000000
0000000000000000000000000000
0000000000000000000000000000
0000000000000000000000000000
0000000000000000110000000000
0000000000000001110000000000
0000000000000011110000000000
0000000000001111110000000000
0000000000001100110000000000
0000000000000000110000000000
0000000000000000110000000000
0000000000000000110000000000
0000000000000000110000000000
0000000000000000110000000000
0000000000000000110000000000
0000000000000000110000000000
0000000000000000110000000000
0000000000000000110000000000
0000000000000000110000000000
0000000000000000110000000000
0000000000000000000000000000
0000000000000000000000000000
0000000000000000000000000000
0000000000000000000000000000
0000000000000000000000000000
0000000000000000000000000000
