0000000000000000000000000000
0000000000000000000000000000
0011000000000000000000000100
0011000000000000000000000100
0011000000000000000000000100
0011000000000000000000000100
0010000000000111000000000100
0010000000011111000000000100
0010000000111111000000000100
0010000000111111000000000100
0010000000111111000000000100
0010000000001111000000000100
0010000000001111100000000100
0010000000001111100000000100
0010000000001111100000001100
0000000000001111100000001100
0000000000001111100000001100
0010000000001111100000001100
0000000000001111100000001100
0000000000001111100000001100
0000000000001111100000001100
0000000000001111000000001100
0000000000000000000000001100
0010000000000000000000001100
0011111111111111111111111100
0011111111111111111111111100
0000000000000000000000000000
0000000000000000000000000000
