0000000000000000000000000000
0000000000000000000000000000
0011111111111111111111111100
0011111111111111111111111100
0011111111111111111111011100
0010000000000000000000000000
0010000000000011000000000000
0010000000001111100000000000
0010000000011111110000000000
0010000000111111110000000000
0010000000011111110000000000
0010000000011111110000000000
0010000000011111110000000000
0010000000001111110000000000
0010000000000111110000000000
0010000000000111110000000000
0010000000000111110000000000
0010000000000111110000000000
0010000000000111110000000000
0010000000000111110000000000
0010000000000011100000000000
0010000000000001000000000000
0010000000000000000000000000
0010000000000000000000000000
0000000000000000000000000000
0000000000000000000000000000
0000000000000000000000000000
0000000000000000000000000000
