0000000000000000000000000000
0000000000000000000000000000
0011000000000000000000000000
0011000000000000000000000000
0011100000000000000000000000
0011100000000000000000000000
0011100000000000011100000000
0011100000000000011100000000
0011100000000011111100000000
0011100000000111111100000000
0011100000000111111100000000
0011100000000000011100000000
0011100000000000011100000000
0011100000000000011100000000
0011100000000000011100000000
0001100000000000011100000000
0001100000000000011100000000
0001100000010000011100000100
0001100000000000011100000100
0011100000000000011100000000
0001100000001100111100000100
0001100000000000011100000000
0001100000000000000000001000
0001100000000000000000000100
0001100000000000000000000000
0001100000000000000000000000
0000000000000000000000000000
0000000000000000000000000000
