0000000000000000000000000000
0000000000000000000000000000
0010000000000000000000000000
0010000000000000000000000000
0010000000000000000000000000
0010000000000000000000000000
0010000000000000110000000000
0010000000000000110000000000
0010000000000011110000000000
0010000000001111110000000000
0010000000001111110000000000
0010000000000000111000000000
0010000000000000111000000000
0010000000000000111000000000
0010000000000000111000000000
0010000000000000111000000000
0010000000000000111000000000
0010000000000000111000000000
0010000000000000111000000000
0010000000000000111000000000
0010000000000000111000000000
0010000000000000111000000000
0010000000000000000000000000
0010000000000000000000000000
0010000000000000000000000000
0010000000000000000000000000
0000000000000000000000000000
0000000000000000000000000000
