0000000000000000000000000000
0000000000000000000000000000
0011111111111111111111111100
0011111111111111111111111100
0000000000000000000000000100
0000000000000000000000000100
0000000000000000000000000100
0000000000001110000000000100
0000000000011111000000000100
0000000000111111000000000100
0000000001111111000000000100
0000000001111111000000000100
0000000000111111000000000100
0000000000011111000000000100
0000000000011111000000000100
0000000000011111000000000100
0000000000001111000000000100
0000000000001111000000000100
0000000000001111000000000100
0000000000001111000000000100
0000000000000110000000000100
0000000000000000000000000100
0000000000000000000000000100
0000000000000000000000000100
0000000000000000000000000100
0000000000000000000000000100
0000000000000000000000000000
0000000000000000000000000000
