0000000000000000000000000000
0000000000000000000000000000
0000000000000000000000001100
0000000000000000000000001100
0000000000000000000000001100
0000000000000110000000001100
0000000000011111000000001100
0000000000111111000000001100
0000000000111111000000001100
0000000000011111000000001100
0000000000011111000000001100
0000000000001111000000001100
0000000000001111000000001100
0000000000001111000000001100
0000000000001111000000001100
0000000000001111000000001100
0000000000001111000000001100
0000000000000111000000001100
0000000000000000000000001100
0000000000000000000000001100
0000000000000000000000001100
0000000000000000000000001100
0000000000000000000000001100
0000000000000000000000001100
0000000000000000000000001100
0000000000000000000000011100
0000000000000000000000000000
0000000000000000000000000000
