0000000000000000000000000000
0000000000000000000000000000
0000000000000000000000001100
0000000000000000000000000100
0000000000000000000000000100
0000000000000000000000000100
0000000000001111000000000000
0000000000011111000000000000
0000000000111111100000000000
0000000000111111000000000000
0000000000111111000000000000
0000000000011111000000000000
0000000000001111000000000000
0000000000001111000000000000
0000000000001111000000000000
0000000000001111000000000000
0000000000001111000000000000
0000000000001111000000000000
0000000000001111000000000000
0000000000000100000000000000
0000000000000000000000000000
0000000000000000000000000000
0000000000000000000000000000
0000000000000000000000000000
0000000000000000000000000000
0010011111111100011000000100
0000000000000000000000000000
0000000000000000000000000000
