0000000000000000000000000000
0000000000000000000000000000
0000011000100000000000000000
0010011000000000000000000000
0000000000000100000000000000
0000110000001110000000000000
0000000000011110000000000000
0011010011111110000000000000
0011110011111110000000000000
0011100011111110000000000000
0011000011111110000000000100
0011111110011110100000000000
0011111100011110000000000100
0011011000011110000000000100
0001010000011110000000000100
0010100010011110000000000100
0000000000011110000000100100
0000000000011110000000100000
0011110000011110000000000100
0001110000011110000000000000
0001111000001110000000000100
0000010000001110000000000100
0000110000000000000000010100
0000011000000011000010100100
0000010000000000000011100100
0001011000000101001001001100
0000000000000000000000000000
0000000000000000000000000000
