0000000000000000000000000000
0000000000000000000000000000
0001100000000000000000000000
0011111111111111111111111100
0011100000001100000000000000
0001000000000000000000000000
0001000000000000000000000000
0001000000000000000000000000
0001000000000000000000000000
0001000000000000011000000000
0001000000000000111000000000
0001000000000011111000000000
0001000000000011111000000000
0001000000000000111000000000
0001000000000000111000000000
0001000000000000111000000000
0001000000000000111000000000
0001000000000000111000000000
0001000000000000111000000000
0001000000000000111000000000
0001000000000000111000000000
0001000000000000000000000000
0001000000000000000000000000
0001000000000000000000000000
0001000000000000000000000000
0001000000000000000000000000
0000000000000000000000000000
0000000000000000000000000000
