0000000000000000000000000000
0000000000000000000000000000
0000000000000000011111111100
0000000000000000000000000100
0000000000000000000000000100
0000000000000000000000000100
0000000000000110000000000100
0000000000001111000000000100
0000000000111111000000000100
0000000000111111000000000100
0000000000111111000000000100
0000000000011111000000000100
0000000000001111000000000100
0000000000001111000000000100
0000000000001111000000000100
0000000000001111000000000100
0000000000001111000000000100
0000000000001111000000000100
0000000000001111000000000100
0000000000001111000000000100
0000000000000111000000000100
0000000000000000000000000100
0000000000000000000000000100
0000000000000000000000000100
0000000000000000000000000100
0010111111000011111111111100
0000000000000000000000000000
0000000000000000000000000000
