0000000000000000000000000000
0000000000000000000000000000
0010000000000000000000000000
0010000000000000000000000000
0010000000000000000000000000
0010000000000000000000000000
0010000000000000000000000000
0010000000000011100000000000
0010000000001111100000000000
0010000000011111100000000000
0010000000001111100000000000
0010000000000111100000000000
0010000000000011100000000000
0010000000000011100000000000
0010000000000011100000000000
0010000000000011100000000000
0010000000000011100000000000
0010000000000011100000000000
0010000000000011100000000000
0010000000000011100000000000
0010000000000001000000000000
0010000000000000000000000000
0010000000000000000000000000
0010000000000000000000000000
0010000000000000000000000000
0010000000000000000000000000
0000000000000000000000000000
0000000000000000000000000000
