0000000000000000000000000000
0000000000000000000000000000
0011111111111111111111111100
0000000000000000000000001100
0000000000000000000000001100
0000000000000000000000001100
0000000000001110000000001100
0000000000011110000000001100
0000000000111110000000000100
0000000011111110000000000100
0000000011111110000000000100
0000000111111110000000000100
0000011111111110000000000100
0000011111011110000000001100
0000011111011110000000001100
0000001111011110000000001100
0000000111011110000000001100
0000000010011110000000000100
0000000000011110000000000100
0000000000011110000000000100
0000000000011110000000000100
0000000000011110000000000100
0000000000001110000000000100
0000000000001100000000000100
0000000000000000000000000100
0000000000000000000000000100
0000000000000000000000000000
0000000000000000000000000000
