0000000000000000000000000000
0000000000000000000000000000
0011000000000000000000000000
0010000000000000000000000000
0010000000000000000000000000
0010000000000000000000000000
0011000000000001100000000000
0011000000000111100000000000
0011000000001111110000000000
0011000000011111110000000000
0011000000001111110000000000
0011000000000111110000000000
0011000000000011110000000000
0011000000000011110000000000
0011000000000011110000000000
0011000000000011110000000000
0010000000000011110000000000
0010000000000011110000000000
0010000000000011110000000000
0010000000000011110000000000
0010000000000001100000000000
0010000000000000000000000000
0010000000000000000000000000
0010000000000000000000000000
0011000000000000000000000000
0011000000000000000000000000
0000000000000000000000000000
0000000000000000000000000000
