0000000000000000000000000000
0000000000000000000000000000
0001110000000000000001101100
0000000000000000000000000100
0000000000000000000000000100
0000000000011111000000000100
0000000000111111000000000100
0000000001111111000000000100
0000000001111111000000000100
0000000011111111000000000100
0000000000111111000000000100
0000000000111111000000000100
0000000000011111000000000100
0000000000011111000000000100
0000000000011111000000000100
0000000000011111000000000100
0000000000011111000000000100
0000000000001111000000000100
0000000000001110000000000100
0000000000000000000000000100
0000000000000000000000000100
0000000000000000000000000100
0000000000000000000000000100
0000000000000000000000000100
0000000000000000000000001100
0011110001111111111111111100
0000000000000000000000000000
0000000000000000000000000000
