0000000000000000000000000000
0000000000000000000000000000
0000000000001000000000001100
0000000000111110000000001100
0000000001111110000000001100
0000000011111110000000001100
0000000111111110000000001100
0000000011111110000000001100
0000000001111110000000001100
0000000000111110000000001100
0000000000111110000000001100
0000000000111111000000001100
0000000000111111000000001100
0000000000111111000000001100
0000000000111111000000001100
0000000000111111000000001100
0000000000011110000000001100
0000000000001000000000001100
0000000000000000000000001100
0000000000000000000000001100
0000000000000000000000001100
0000000000000000000000001100
0000000000000000000000001100
0011111111111111111111111100
0011111111111111111111111100
0011111111111111111111111100
0000000000000000000000000000
0000000000000000000000000000
