0000000000000000000000000000
0000000000000000000000000000
0011111111111111111111111100
0011100000000000000000011100
0010000000000000000000000000
0010000000000000000000000000
0010000000000000000000000000
0010000000000000000000000000
0010000000000011100000000000
0010000000001111110000000000
0010000000001111100000000000
0010000000001111100000000000
0010000000001111100000000000
0010000000000011100000000000
0010000000000011100000000000
0010000000000011100000000000
0010000000000011100000000000
0010000000000011100000000000
0010000000000011100000000000
0010000000000011100000000000
0010000000000011100000000000
0010000000000011100000000000
0010000000000000000000000000
0010000000000000000000000000
0010000000000000000000000000
0010000000000000000000000000
0000000000000000000000000000
0000000000000000000000000000
