0000000000000000000000000000
0000000000000000000000000000
0010000000000000000000000000
0010000000000000000000000000
0010000000000000000000000000
0010000000000000000000000000
0010000000000000110000000000
0010000000000000111000000000
0010000000000111111000000000
0010000000000111111000000000
0010000000000000111000000000
0010000000000000111000000000
0010000000000000111000000000
0010000000000000111000000000
0010000000000000111000000000
0010000000000000111000000000
0010000000000000111000000000
0010000000000000111000000000
0010000000000000111000000000
0010000000000000000000000000
0010000000000000000000000000
0010000000000000000000000000
0010000000000000000000000000
0010000000000000000000000000
0010000000000000000000000000
0010000000000000000000000000
0000000000000000000000000000
0000000000000000000000000000
