0000000000000000000000000000
0000000000000000000000000000
0011111111111111111111111100
0011000000000000000000000000
0011000000000000000000000000
0011000000000000000000000000
0011000000000000100000000000
0011000000000001110000000000
0011000000000111110000000000
0011000000001111110000000000
0011000000001111110000000000
0011000000000111110000000000
0011000000000011110000000000
0011000000000001110000000000
0011000000000001110000000000
0011000000000001110000000000
0011000000000001110000000000
0011000000000001110000000000
0011000000000001110000000000
0011000000000001110000000000
0011000000000001110000000000
0011000000000000000000000000
0011000000000000000000000000
0011000000000000000000000000
0011000000000000000000000000
0011000000000000000000000000
0000000000000000000000000000
0000000000000000000000000000
