0000000000000000000000000000
0000000000000000000000000000
0010000000000000000000000100
0010000000000000000000000000
0010000000000000000000000000
0010000000000000000000000000
0000000000000011000000000000
0000000000000111100000000000
0000000000011111100000000000
0000000000011111100000000000
0000000000011111100000000000
0000000000001111100000000000
0000000000001111100000000000
0000000000000111110000000000
0000000000000111100000000000
0000000000000111100000000000
0000000000000111100000000000
0000000000000111100000000000
0000000000000111100000000000
0000000000000111100000000000
0000000000000111100000000000
0000000000000001100000000000
0000000000000000000000000000
0000000000000000000000000000
0000000000000000000000000000
0010000000000000000000000000
0000000000000000000000000000
0000000000000000000000000000
