0000000000000000000000000000
0000000000000000000000000000
0011111000111111111111111100
0000000000000000000000000100
0000000000000000000000000100
0000000000001111000000000100
0000000000011111000000000100
0000000001111111100000000100
0000000001111111100000000100
0000000001111111100000000100
0000000001111111100000000100
0000000000111111100000000100
0000000000011111100000000100
0000000000011111100000000100
0000000000011111100000000100
0000000000011111100000000100
0000000000011111110000000100
0000000000011111100000000100
0000000000011111100000000100
0000000000001111000000000100
0000000000000000000000000100
0000000000000000000000000100
0000000000000000000000000100
0000000000000000000000001100
0010001111111110110111111100
0011111111111111111111111100
0000000000000000000000000000
0000000000000000000000000000
