0000000000000000000000000000
0000000000000000000000000000
0011111111111111111111111100
0011111111111111111111111100
0000000000001111111110111100
0000000000000000000000001100
0000000000000110000000001100
0000000000011111100000001100
0000000000111111100000001100
0000000000111111100000001100
0000000001111111100000001100
0000000001111111100000001100
0000000000111111100000001100
0000000000111111100000001100
0000000000001111110000001100
0000000000001111110000001100
0000000000001111110000001100
0000000000001111110000001100
0000000000001111110000001100
0000000000001111100000001100
0000000000001111100000001100
0000000000000111000000001100
0000000000000000000000001100
0000000000000000000000001100
0000000000000000000000000100
0000000000000000000000001100
0000000000000000000000000000
0000000000000000000000000000
