0000000000000000000000000000
0000000000000000000000000000
0000000000000000000000000100
0000000000000000000000000100
0000000000000000000000000100
0000000000000110000000000100
0000000000001110000000000100
0000000000111110000000000100
0000000000111110000000000100
0000000000111110000000000100
0000000000001110000000000100
0000000000001110000000000100
0000000000001110000000000100
0000000000001110000000000100
0000000000000110000000000100
0000000000001110000100000100
0000000000001111000000000100
0000000000001110000000000100
0000000000000000000000000100
0000000000000000000000000100
0000000000000000000100000100
0000000000000000000000000100
0000000000000000000000011100
0000000000000000000000000100
0000000000000000000000000100
0011111111111111111111111100
0000000000000000000000000000
0000000000000000000000000000
