0000000000000000000000000000
0000000000000000000000000000
0011111111111111111000111100
0000000000000000000000011100
0000000000000000000000001100
0000000000000000000000001100
0000000000000000000000001100
0000000000011100000000011100
0000000000111110000000001100
0000000011111110000000001100
0000000011111110000000001100
0000000011111110000000011100
0000000001111110000000011100
0000000000111110000000011100
0000000000011110000000011100
0000000000111110000000011100
0000000000011110000000011100
0000000000011110000000011100
0000000000011110000000001100
0000000000011110000000001100
0000000000011110000000011100
0000000000011100000000011100
0000000000011100000000011100
0000000000000000000000011100
0000000000000000000000011100
0000000000000000000000011100
0000000000000000000000000000
0000000000000000000000000000
