0000000000000000000000000000
0000000000000000000000000000
0011111111111111111111111100
0010000000010001100011111100
0010000000000000000111111100
0010000000000001000100001100
0010000000000111111100000100
0010000000001111111000000100
0010000000011111111000000100
0010000000111111111000000100
0010000000111111111000000100
0010000000111111111000000100
0010000000011111111000000100
0010000000001111111000000100
0010000000000111111000000100
0010000000000111111000000100
0010000000000111111000000100
0010000000000111110000000100
0010000000000111110000000100
0011000000000111110000000100
0011000000000111110000000100
0011000000000111110000000100
0011000000000011100000001100
0011000000000000000000000100
0011000000000000000000001100
0011111111110001111111111100
0000000000000000000000000000
0000000000000000000000000000
