0000000000000000000000000000
0000000000000000000000000000
0000000000000000000000000000
0000000000000000000000000000
0000000000000000000000000000
0000000000000000000000000000
0000000000000001100000000000
0000000000000011100000000000
0000000000000111100000000000
0000000000011111100000000000
0000000000011101100000000000
0000000000010001100000000000
0000000000000001100000000000
0000000000000001100000000000
0000000000000001100000000000
0000000000000001100000000000
0000000000000001100000000000
0000000000000001100000000000
0000000000000001100000000000
0000000000000001100000000000
0000000000000001100000000000
0000000000000001100000000000
0000000000000000000000000000
0000000000000000000000000000
0000000000000000000000000000
0000000000000000000000000000
0000000000000000000000000000
0000000000000000000000000000
