0000000000000000000000000000
0000000000000000000000000000
0000010000000000000000000000
0000010000000000000000000000
0000010000000000000000000000
0000010000000000000000000000
0000010000000000000110000000
0000010000000000001110000000
0000010000000000111110000000
0000010000000001111110000000
0000010000000000001110000000
0000010000000000001110000000
0000010000000000001110000000
0000010000000000000110000000
0000010000000000001110000000
0000010000000000001110000000
0000010000000000001110000000
0000010000000000001110000000
0000010000000000001110000000
0000000000000000001110000000
0000010000000000001110000000
0000010000000000000100000000
0000010000000000000000000000
0000010000000000000000000000
0000000000000000000000000000
0000010000000000000000000000
0000000000000000000000000000
0000000000000000000000000000
