0000000000000000000000000000
0000000000000000000000000000
0000000000000000000000000000
0000000000000000000000000000
0000000000000000000000000000
0000000000000000000000000000
0000000000000000000000000000
0000000000000000000000000000
0000000000011100000000000000
0000000001111110000000000000
0000000011000111000000000000
0000000010000011100000000000
0000000000000001100000000000
0000000000000011000000000000
0000000000000011000000000000
0000000000000010000000000000
0000000000000100000000000000
0000000000001000000000000000
0000000000000000000000000000
0000000000100000100000000000
0000000011111111100000000000
0000000011111111000000000000
0000000000000000000000000000
0000000000000000000000000000
0000000000000000000000000000
0000000000000000000000000000
0000000000000000000000000000
0000000000000000000000000000
