0000000000000000000000000000
0000000000000000000000000000
0000000000000000000000000000
0000000000000000000000000000
0000000000000000000000000000
0000000000000000000000000000
0000000000000000011111000000
0000000000000000011111100000
0000000000000000011011100000
0000000000000000000001100000
0000000000000000000011100000
0000000000000000000011000000
0000000000000000000111000000
0000000000000000001110000000
0000000000000000011100000000
0000000000000000011111100000
0000000000000000011111100000
0000000000000000000000000000
0000000000000000000000000000
0000000000000000000000000000
0000000000000000000000000000
0000000000000000000000000000
0000000000000000000000000000
0000000000000000000000000000
0000000000000000000000000000
0000000000000000000000000000
0000000000000000000000000000
0000000000000000000000000000
