0000000000000000000000000000
0000000000000000000000000000
0000000000000000000000000000
0000000000000000000000000000
0000000000000000000000000000
0000000000000000000000000000
0000000000000000000000000000
0000000000000000000000000000
0000000000000000000000000000
0000000000000000000000000000
0000000000000000000000000000
0000000000000000000000000000
0000000000000000000000000000
0000000000000000000000000000
0000011111100000000000000000
0001111001110000000000000000
0001110000111000000000000000
0000000000111000000000000000
0000000000111000000000000000
0000000001110000000000000000
0000000011110000000000000000
0000001111000000000000000000
0000011100000000000000000000
0000110001000000000000000000
0001111111111000000000000000
0000111111111000000000000000
0000000000000000000000000000
0000000000000000000000000000
