0000000000000000000000000000
0000000000000000000000000000
0000000000000000000000000000
0000000000000000000000000000
0000000000000000000000000000
0000000000000000000000000000
0000000000000000000000000000
0000000000000000000000000000
0000000000000000000000000000
0000000000000000000000000000
0000000000000000000000000000
0000000000000000000000000000
0000000000000000011111100000
0000000000000000111111110000
0000000000000000111001110000
0000000000000001110000110000
0000000000000001100000110000
0000000000000000000000110000
0000000000000000000001110000
0000000000000000000011100000
0000000000000000001111000000
0000000000000000011110000000
0000000000000000111000000000
0000000000000001110000000000
0000000000000001110000100000
0000000000000001111111110000
0000000000000001111111110000
0000000000000000000000000000
