0000000000000000000000000000
0000000000000000000000000000
0000000000000000000000000000
0000000000000000000000000000
0000000000000000000000000000
0000000000000000000000000000
0000000000000001111000000000
0000000000000111111110000000
0000000000001111111111000000
0000000000001111001111000000
0000000000000000001111000000
0000000000000000001111000000
0000000000000000011111000000
0000000000000000111110000000
0000000000000001111100000000
0000000000000011111000000000
0000000000000111110000000000
0000000000000111110000000000
0000000000001111111111000000
0000000000001111111111000000
0000000000000000000000000000
0000000000000000000000000000
0000000000000000000000000000
0000000000000000000000000000
0000000000000000000000000000
0000000000000000000000000000
0000000000000000000000000000
0000000000000000000000000000
