0000000000000000000000000000
0000000000000000111110000000
0000000000000000111011000000
0000000000000001110001100000
0000000000000000100001100000
0000000000000000000001100000
0000000000000000000001100000
0000000000000000000011100000
0000000000000000000011000000
0000000000000000000111000000
0000000000000000001110000000
0000000000000000111100000000
0000000000000000110000000000
0000000000000000111111100000
0000000000000001111111100000
0000000000000000111111100000
0000000000000000000000000000
0000000000000000000000000000
0000000000000000000000000000
0000000000000000000000000000
0000000000000000000000000000
0000000000000000000000000000
0000000000000000000000000000
0000000000000000000000000000
0000000000000000000000000000
0000000000000000000000000000
0000000000000000000000000000
0000000000000000000000000000
