0000000000000000000000000000
0000000000000000000000000000
0000000000000000000000000000
0000000000000000011111000000
0000000000000001111111110000
0000000000000001111111110000
0000000000000011110011110000
0000000000000000000001110000
0000000000000000000011110000
0000000000000000000011110000
0000000000000000000111100000
0000000000000000001111100000
0000000000000000011111000000
0000000000000000111110000000
0000000000000001111110100000
0000000000000011111111111000
0000000000000011111111111000
0000000000000001111111110000
0000000000000000000000000000
0000000000000000000000000000
0000000000000000000000000000
0000000000000000000000000000
0000000000000000000000000000
0000000000000000000000000000
0000000000000000000000000000
0000000000000000000000000000
0000000000000000000000000000
0000000000000000000000000000
