0000000000000000000000000000
0000000000000000000000000000
0000000000000000000000000000
0000000000000010000000000000
0000000000001111110000000000
0000000000011100110000000000
0000000000010000011000000000
0000000000000000010000000000
0000000000000000010000000000
0000000000000000110000000000
0000000000000000100000000000
0000000000000001100000000000
0000000000000011000000000000
0000000000000110000000000000
0000000000011100000000000000
0000000000011111111000000000
0000000000011111110000000000
0000000000000000000000000000
0000000000000000000000000000
0000000000000000000000000000
0000000000000000000000000000
0000000000000000000000000000
0000000000000000000000000000
0000000000000000000000000000
0000000000000000000000000000
0000000000000000000000000000
0000000000000000000000000000
0000000000000000000000000000
