0000000000000000000000000000
0000000000000000000000000000
0000000000000000000000000000
0000000000000000000000000000
0000000000000000000000000000
0000000000000000000000000000
0000000000000000000000000000
0000000000000000000000000000
0000000000000000000000000000
0000000000000000000000000000
0000000000000000000000000000
0000000111100000000000000000
0000001111110000000000000000
0000001110111000000000000000
0000001100011000000000000000
0000000000011000000000000000
0000000000011000000000000000
0000000000110000000000000000
0000000001110000000000000000
0000000111100000000000000000
0000000110000000000000000000
0000001111111000000000000000
0000001111111000000000000000
0000001111111000000000000000
0000000000000000000000000000
0000000000000000000000000000
0000000000000000000000000000
0000000000000000000000000000
