0000000000000000111100000000
0000000000000000111110000000
0000000000000001110011000000
0000000000000001100011000000
0000000000000000000011000000
0000000000000000000011100000
0000000000000000000011000000
0000000000000000000011000000
0000000000000000000111000000
0000000000000000001110000000
0000000000000000111100000000
0000000000000000111000000000
0000000000000000100000000000
0000000000000001111111000000
0000000000000001111111000000
0000000000000001111111000000
0000000000000000000000000000
0000000000000000000000000000
0000000000000000000000000000
0000000000000000000000000000
0000000000000000000000000000
0000000000000000000000000000
0000000000000000000000000000
0000000000000000000000000000
0000000000000000000000000000
0000000000000000000000000000
0000000000000000000000000000
0000000000000000000000000000
