0000000000000000000000000000
0000000000000000000000000000
0000000000000000000000000000
0000000000000000000000000000
0000000111111000000000000000
0000001111111100000000000000
0000001111111100000000000000
0000000100001110000000000000
0000000000001110000000000000
0000000000001110000000000000
0000000000001110000000000000
0000000000001110000000000000
0000000000001100000000000000
0000000000011100000000000000
0000000000111000000000000000
0000000000111000000000000000
0000000001110000000000000000
0000000011100000000000000000
0000000011100000000000000000
0000000111000000000000000000
0000001110000000000000000000
0000001111000000000000000000
0000001111111110000000000000
0000001111111110000000000000
0000001111111110000000000000
0000000000000000000000000000
0000000000000000000000000000
0000000000000000000000000000
