0000000000000000000000000000
0000000000000000000000000000
0000000000000000000000000000
0000000000000000000000000000
0000000000000000000000000000
0000000000000000000000000000
0000000000000000000000000000
0000000000000000000000000000
0000000000000000000000000000
0000000000010000000000000000
0000000011111110000000000000
0000000111101110000000000000
0000000110000111000000000000
0000001110000011000000000000
0000001100000011000000000000
0000000000000111000000000000
0000000000001110000000000000
0000000000011110000000000000
0000000001111000000000000000
0000000011100000000000000000
0000000111000000000000000000
0000001110000000000000000000
0000001111111111000000000000
0000001111111111000000000000
0000000011111110000000000000
0000000000000000000000000000
0000000000000000000000000000
0000000000000000000000000000
