0000000000000000000000000000
0000000000000000000000000000
0000000000000000000000000000
0000000000000000000000000000
0000000000000000000000000000
0000000000000000000000000000
0000000000000000000000000000
0000000000000000000000000000
0000000000000011111110000000
0000000000000011111111000000
0000000000000000000011000000
0000000000000000000011000000
0000000000000000000011000000
0000000000000000000011000000
0000000000000000000111000000
0000000000000000001110000000
0000000000000000011100000000
0000000000000000111000000000
0000000000000001110000000000
0000000000000011100000000000
0000000000000011111111100000
0000000000000011111111100000
0000000000000000000000000000
0000000000000000000000000000
0000000000000000000000000000
0000000000000000000000000000
0000000000000000000000000000
0000000000000000000000000000
