0000000000000000000000000000
0000000000000000000000000000
0000000000000000000000000000
0000000000000000000000000000
0000000000000000000000000000
0000000000000000000000000000
0000000000000000000000000000
0000000000000000000000000000
0000000000000000000000000000
0000000000000000000000000000
0000000001111110000000000000
0000000011100111000000000000
0000000011000011000000000000
0000000011000011000000000000
0000000000000011000000000000
0000000000000111000000000000
0000000000001110000000000000
0000000000111100000000000000
0000000001110000000000000000
0000000011100000000000000000
0000000011000000000000000000
0000000011111111000000000000
0000000011111111000000000000
0000000000000000000000000000
0000000000000000000000000000
0000000000000000000000000000
0000000000000000000000000000
0000000000000000000000000000
