0000000000000000000000000000
0000000000000000000000000000
0000000000000000000000000000
0000000000000000000000000000
0000000000000000000000000000
0000000001000000000000000000
0000011111111000000000000000
0000011000011100000000000000
0000000000001100000000000000
0000000000001100000000000000
0000000000001100000000000000
0000000000011100000000000000
0000000000111000000000000000
0000000001110000000000000000
0000000011100000000000000000
0000001110000000000000000000
0000011100000000000000000000
0000011111111110000000000000
0000011111111110000000000000
0000000000000000000000000000
0000000000000000000000000000
0000000000000000000000000000
0000000000000000000000000000
0000000000000000000000000000
0000000000000000000000000000
0000000000000000000000000000
0000000000000000000000000000
0000000000000000000000000000
