0000000000000000000000000000
0000000000000000000000000000
0000000000000000000000000000
0000000000000000000000000000
0000000000000000000000000000
0000000000000000000000000000
0000000000000000000000000000
0000000000000000000000000000
0000000000000000000000000000
0000000000000000000000000000
0000000000000000000000000000
0000000000000000011111000000
0000000000000000011111100000
0000000000000000010011100000
0000000000000000000001100000
0000000000000000000001100000
0000000000000000000011100000
0000000000000000000111000000
0000000000000000000110000000
0000000000000000001100000000
0000000000000000011000000000
0000000000000000111111100000
0000000000000000011111100000
0000000000000000000000000000
0000000000000000000000000000
0000000000000000000000000000
0000000000000000000000000000
0000000000000000000000000000
