0000000000000000000000000000
0000000000000000000000000000
0000000000000000000000000000
0000000000000000000000000000
0000000000000000000000000000
0000000000000000000000000000
0000000000000000000000000000
0000000000000000000000000000
0000000000000000000000000000
0000000000000000000000000000
0000000000000000000000000000
0000000000000000000000000000
0000000000000000000000000000
0000000000000000000000000000
0000111111000000000000000000
0001111111100000000000000000
0001000011110000000000000000
0000000001110000000000000000
0000000000110000000000000000
0000000001100000000000000000
0000000001000000000000000000
0000000011000000000000000000
0000000110000000000000000000
0000001100000000000000000000
0000011000000000000000000000
0001111111110000000000000000
0001111111110000000000000000
0000000000000000000000000000
