0000000000000000000000000000
0000000000000000000000000000
0000000000000000000000000000
0000000000000000000000000000
0000000000000000000000000000
0000000000000000000000000000
0000000000000000000000000000
0000000000000000000000000000
0000000000000000000000000000
0000000000000000000000000000
0000000001111110000000000000
0000000011111110000000000000
0000000011000111000000000000
0000000011000011000000000000
0000000010000011000000000000
0000000010000011000000000000
0000000000000111000000000000
0000000000000110000000000000
0000000000011110000000000000
0000000000111000000000000000
0000000001110000000000000000
0000000011100000000000000000
0000000011000000000000000000
0000000111000000000000000000
0000000111111111000000000000
0000000111111111000000000000
0000000000000000000000000000
0000000000000000000000000000
