0000000000000000000000000000
0000000000000000000000000000
0000000000000000000000000000
0000000000000000000000000000
0000000000000000000000000000
0000000000000000000000000000
0000000000001000000000000000
0000000000011110000000000000
0000000000111110000000000000
0000000000100111000000000000
0000000000000011000000000000
0000000000000011000000000000
0000000000000011000000000000
0000000000000011000000000000
0000000000000010000000000000
0000000000000010000000000000
0000000000000100000000000000
0000000000000100000000000000
0000000000001000000000000000
0000000000010000000000000000
0000000000110000000000000000
0000000001111111000000000000
0000000001111111000000000000
0000000000000000000000000000
0000000000000000000000000000
0000000000000000000000000000
0000000000000000000000000000
0000000000000000000000000000
