0000000000000000000000000000
0000000000000000000000000000
0000000000000000000000000000
0000000000000000000000000000
0000000000000000000000000000
0000000000000000000000000000
0000000000000000000000000000
0000000000000000000000000000
0000000000000000000000000000
0000000000000000000000000000
0000000000000000000000000000
0000000000000000000000000000
0000000000000000011111110000
0000000000000000011111111000
0000000000000000000000011100
0000000000000000000000011100
0000000000000000000000011100
0000000000000000000000011100
0000000000000000000000111000
0000000000000000000001111000
0000000000000000000011100000
0000000000000000000111000000
0000000000000000001110000000
0000000000000000011100000000
0000000000000000011100000000
0000000000000000111111111100
0000000000000000000000000000
0000000000000000000000000000
