0000000000000000000000000000
0000000000000000000000000000
0000000000000000000000000000
0000000000000000000000000000
0000000000000000000000000000
0000000000000000000000000000
0000000000000000000000000000
0000000000000000000000000000
0000000000000000000000000000
0000000000000000000000000000
0000000000000000000000000000
0000000000001111111000000000
0000000000001111111000000000
0000000000011111111000000000
0000000000111101111000000000
0000000000111100111000000000
0000000000011100111000000000
0000000000000001111000000000
0000000000000011111000000000
0000000000000011111000000000
0000000000000111110000000000
0000000000011110000000000000
0000000000011100000000000000
0000000000011100000000000000
0000000000011111111000000000
0000000000011111111000000000
0000000000011111110000000000
0000000000000000000000000000
