0000000000000000000000000000
0000000000000000000000000000
0000000000000000000000000000
0000000000000000000000000000
0000000000000000000000000000
0000000000100000000000000000
0000000011111100000000000000
0000000111111100000000000000
0000000110001100000000000000
0000000000001100000000000000
0000000000011100000000000000
0000000000011100000000000000
0000000000110000000000000000
0000000011100000000000000000
0000000111100000000000000000
0000000111111100000000000000
0000000011111100000000000000
0000000000000000000000000000
0000000000000000000000000000
0000000000000000000000000000
0000000000000000000000000000
0000000000000000000000000000
0000000000000000000000000000
0000000000000000000000000000
0000000000000000000000000000
0000000000000000000000000000
0000000000000000000000000000
0000000000000000000000000000
