0000000000000000000000000000
0000000000000000000000000000
0000000000000000000000000000
0000000000000000000000000000
0000000000000000000000000000
0000000000000000000000000000
0000000000000000000000000000
0000000000000000000000000000
0000000000000000000000000000
0000000000000000000000000000
0000000000000000000000000000
0000000000000000000000000000
0000000000000000000000000000
0000000000000000000000000000
0000000111110000000000000000
0000000111110000000000000000
0000001110011000000000000000
0000000100001000000000000000
0000000000011000000000000000
0000000000011000000000000000
0000000000111000000000000000
0000000001110000000000000000
0000000111000000000000000000
0000000111000000000000000000
0000000111111000000000000000
0000001111111000000000000000
0000000111011000000000000000
0000000000000000000000000000
