0000000000000000000000000000
0000000000000000000000000000
0000000000000000000000000000
0000000000000000000000000000
0000000111111000000000000000
0000001110011100000000000000
0000011100001110000000000000
0000011000001110000000000000
0000011000000110000000000000
0000000000001110000000000000
0000000000011100000000000000
0000000000111100000000000000
0000000011111000000000000000
0000000111100000000000000000
0000001110000000000000000000
0000011100000000000000000000
0000011000000000000000000000
0000011111111110000000000000
0000011111111110000000000000
0000000000000000000000000000
0000000000000000000000000000
0000000000000000000000000000
0000000000000000000000000000
0000000000000000000000000000
0000000000000000000000000000
0000000000000000000000000000
0000000000000000000000000000
0000000000000000000000000000
