0000000000000000000000000000
0000000000000000000000000000
0000000000000000000000000000
0000000000000000000000000000
0000000000000001111110000000
0000000000000011111111000000
0000000000000111000111000000
0000000000000110000011100000
0000000000000110000011100000
0000000000000000000011100000
0000000000000000000011100000
0000000000000000000111000000
0000000000000000000111000000
0000000000000000001110000000
0000000000000000011100000000
0000000000000000111000000000
0000000000000001110000000000
0000000000000111100000000000
0000000000000111000000000000
0000000000001111111111100000
0000000000001111111111100000
0000000000000000000000000000
0000000000000000000000000000
0000000000000000000000000000
0000000000000000000000000000
0000000000000000000000000000
0000000000000000000000000000
0000000000000000000000000000
