0000000000000000000000000000
0000000000000000000000000000
0000000000000000000000000000
0000000000000000000000000000
0000000001111111000000000000
0000000111111111110000000000
0000001111000011110000000000
0000001110000001111000000000
0000000000000000111000000000
0000000000000000111000000000
0000000000000001110000000000
0000000000000011110000000000
0000000000000111100000000000
0000000000011110000000000000
0000000000111100000000000000
0000000011110000000000000000
0000000111100000000000000000
0000001111000000000000000000
0000011111111111111000000000
0000011111111111111000000000
0000000000000000000000000000
0000000000000000000000000000
0000000000000000000000000000
0000000000000000000000000000
0000000000000000000000000000
0000000000000000000000000000
0000000000000000000000000000
0000000000000000000000000000
