0000000000000000000000000000
0000000000000000000000000000
0000000000000000000000000000
0000000000000000000000000000
0000000000000000000000000000
0000000000000000000000000000
0000000000000000000000000000
0000000000000000000000000000
0000000000000001111111000000
0000000000000011111111100000
0000000000000010000001110000
0000000000000000000001111000
0000000000000000000001111000
0000000000000000000001111000
0000000000000000000011110000
0000000000000000000011110000
0000000000000000111111100000
0000000000000001111100000000
0000000000000001111000000000
0000000000000001110000000000
0000000000000011111111110000
0000000000000011111111111000
0000000000000011111111111000
0000000000000000000000000000
0000000000000000000000000000
0000000000000000000000000000
0000000000000000000000000000
0000000000000000000000000000
