0000000000000000000000000000
0000000000000000000000000000
0000000000000000000000000000
0000000000000000000000000000
0000000000000000000000000000
0000000000000000000000000000
0000000000000000000000000000
0000000011110000000000000000
0000000111111000000000000000
0000000100011000000000000000
0000000000011000000000000000
0000000000011000000000000000
0000000000111000000000000000
0000000001110000000000000000
0000000011100000000000000000
0000000111000000000000000000
0000001111111000000000000000
0000000111111000000000000000
0000000000000000000000000000
0000000000000000000000000000
0000000000000000000000000000
0000000000000000000000000000
0000000000000000000000000000
0000000000000000000000000000
0000000000000000000000000000
0000000000000000000000000000
0000000000000000000000000000
0000000000000000000000000000
