0000000000000000000000000000
0000000000000000000000000000
0000000000000000000000000000
0000000000000000000000000000
0000000000000000000000000000
0000000000000000000000000000
0000000000000000000000000000
0000000000000000011111110000
0000000000000000111111111000
0000000000000001110000111100
0000000000000001110000011100
0000000000000001100000011100
0000000000000000000000011100
0000000000000000000000111000
0000000000000000000011110000
0000000000000000000111100000
0000000000000000011110000000
0000000000000000111000000000
0000000000000001110000000000
0000000000000001100000000000
0000000000000011111111111100
0000000000000011111111111100
0000000000000000000000000000
0000000000000000000000000000
0000000000000000000000000000
0000000000000000000000000000
0000000000000000000000000000
0000000000000000000000000000
