0000000000000000000000000000
0000000000000000000000000000
0000000000000000000000000000
0000000000000000000000000000
0000000000000000000000000000
0000000000000000000000000000
0000000000000000000000000000
0000000000000000000000000000
0000001111100000000000000000
0000011100110000000000000000
0000011000011000000000000000
0000000000011000000000000000
0000000000011000000000000000
0000000000110000000000000000
0000000001110000000000000000
0000000011100000000000000000
0000001110000000000000000000
0000001000000000000000000000
0000011111111000000000000000
0000011111111000000000000000
0000000000000000000000000000
0000000000000000000000000000
0000000000000000000000000000
0000000000000000000000000000
0000000000000000000000000000
0000000000000000000000000000
0000000000000000000000000000
0000000000000000000000000000
