0000000000000000000000000000
0000000000000000000000000000
0000000000000000000000000000
0000000000000000000000000000
0000000000000000000000000000
0000000000000000000000000000
0000000000000000000000000000
0000000000000000000000000000
0000000000000000000000000000
0000000000000000000111100000
0000000000000000001111110000
0000000000000000001000110000
0000000000000000000000010000
0000000000000000000000010000
0000000000000000000000110000
0000000000000000000000100000
0000000000000000000001100000
0000000000000000000011000000
0000000000000000000010000000
0000000000000000000100001000
0000000000000000011111111000
0000000000000000001111110000
0000000000000000000000000000
0000000000000000000000000000
0000000000000000000000000000
0000000000000000000000000000
0000000000000000000000000000
0000000000000000000000000000
