0000000000000000000000000000
0000000000000000000000000000
0000000000000000000000000000
0000000000000000000000000000
0000000000000000000000000000
0000000000000000000000000000
0000000000000000000000000000
0000000000000000000000000000
0000000111000000000000000000
0000011111100000000000000000
0000011000110000000000000000
0000011000110000000000000000
0000000001100000000000000000
0000000011000000000000000000
0000001110000000000000000000
0000011000110000000000000000
0000011000110000000000000000
0000111111110000000000000000
0000000000000000000000000000
0000000000000000000000000000
0000000000000000000000000000
0000000000000000000000000000
0000000000000000000000000000
0000000000000000000000000000
0000000000000000000000000000
0000000000000000000000000000
0000000000000000000000000000
0000000000000000000000000000
