0000000000000000000000000000
0000000000000000000000000000
0000000000000000000000000000
0000000000000000000000000000
0000000000000000000000000000
0000000000000000000000000000
0000000000000000000000000000
0000000000000000000000000000
0000000000000000000000000000
0000000000000000111000000000
0000000000000001111110000000
0000000000000011111111000000
0000000000000110000111000000
0000000000000000000011000000
0000000000000000000011000000
0000000000000000000011000000
0000000000000000000111000000
0000000000000000000110000000
0000000000000000001100000000
0000000000000000001000000000
0000000000000000010000000000
0000000000000000100000000000
0000000000000001100000100000
0000000000000111111111100000
0000000000000111111111100000
0000000000000000000000000000
0000000000000000000000000000
0000000000000000000000000000
