0000000000000000000000000000
0000000000000000000000000000
0000000000000000000000000000
0000000000000000000000000000
0000000000000000000000000000
0000000000000000000000000000
0000000000000000000000000000
0000000000000000000000000000
0000000000000000000000000000
0000000110000000000000000000
0000011111110000000000000000
0000111111110000000000000000
0000110001111000000000000000
0000100001111000000000000000
0000000000110000000000000000
0000000001110000000000000000
0000000001100000000000000000
0000000011000000000000000000
0000000110000000000000000000
0000001100000000000000000000
0000011100111000000000000000
0000111111111000000000000000
0000111111111000000000000000
0000000000000000000000000000
0000000000000000000000000000
0000000000000000000000000000
0000000000000000000000000000
0000000000000000000000000000
