0000000000000000111011000000
0000000000000011111111000000
0000000000000111111111000000
0000000000001111101111000000
0000000000001111100111000000
0000000000001111100111000000
0000000000000000001111000000
0000000000000000011111000000
0000000000000000111111000000
0000000000000011110000000000
0000000000000111100000000000
0000000000001111100000000000
0000000000001111110000000000
0000000000001111111111000000
0000000000001111111111000000
0000000000000000000000000000
0000000000000000000000000000
0000000000000000000000000000
0000000000000000000000000000
0000000000000000000000000000
0000000000000000000000000000
0000000000000000000000000000
0000000000000000000000000000
0000000000000000000000000000
0000000000000000000000000000
0000000000000000000000000000
0000000000000000000000000000
0000000000000000000000000000
