0000000000000000000000000000
0000000000000000000000000000
0000000000000000000000000000
0000000000000000000000000000
0000000000000000000000000000
0000000000000000000000000000
0000000000000000000000000000
0000000000000000000000000000
0000000000000000000000000000
0000000000000000000000000000
0000000000000000000000000000
0000000000000000001111100000
0000000000000000111111111000
0000000000000000111000111100
0000000000000000000000011100
0000000000000000000000011100
0000000000000000000000011100
0000000000000000000000111100
0000000000000000000001111000
0000000000000000000011110000
0000000000000000000111100000
0000000000000000001111000000
0000000000000000011110000000
0000000000000000111100000000
0000000000000000111111111100
0000000000000000111111111100
0000000000000000000000000000
0000000000000000000000000000
