0000000000000000000000000000
0000000000000000000000000000
0000000000000000000000000000
0000000000000000000000000000
0000000000000000111111000000
0000000000000001110011110000
0000000000000011100001110000
0000000000000011000000111000
0000000000000011000000111000
0000000000000000000001110000
0000000000000000000111100000
0000000000000000011111000000
0000000000000001111000000000
0000000000000011100000000000
0000000000000011000000000000
0000000000000111111111110000
0000000000000111111111110000
0000000000000000000000000000
0000000000000000000000000000
0000000000000000000000000000
0000000000000000000000000000
0000000000000000000000000000
0000000000000000000000000000
0000000000000000000000000000
0000000000000000000000000000
0000000000000000000000000000
0000000000000000000000000000
0000000000000000000000000000
