0000000000000000000000000000
0000000000000000000000000000
0000000000000000000000000000
0000000001111000000000000000
0000000111111110000000000000
0000001111111111000000000000
0000011100000111100000000000
0000011100000011100000000000
0000011000000011100000000000
0000000000000111100000000000
0000000000001111000000000000
0000000000111110000000000000
0000000011111000000000000000
0000001111110000000000000000
0000001111000000000000000000
0000011100000000000000000000
0000111111111110000000000000
0000111111111111100000000000
0000011111111111000000000000
0000000000000000000000000000
0000000000000000000000000000
0000000000000000000000000000
0000000000000000000000000000
0000000000000000000000000000
0000000000000000000000000000
0000000000000000000000000000
0000000000000000000000000000
0000000000000000000000000000
