0000000000000000000000000000
0000000000000000000000000000
0000000000000000000000000000
0000000000000000000000000000
0000000000000000000000000000
0000000000000000000000000000
0000000000000000000000000000
0000000000000000000000000000
0000000000000000000000000000
0000000000000000000000000000
0000000000000000000000000000
0000000000000000000000000000
0000000000000000000000000000
0000000001110000000000000000
0000000111111000000000000000
0000000110001100000000000000
0000000100001100000000000000
0000000000001100000000000000
0000000000001100000000000000
0000000000001100000000000000
0000000000011000000000000000
0000000000110000000000000000
0000000001110000000000000000
0000000001100000000000000000
0000000011000000000000000000
0000000111111100000000000000
0000000111111100000000000000
0000000111011000000000000000
