0000000000000000000000000000
0000000000000000000000000000
0000000000000000000000000000
0000000000000000000000000000
0000000000000000000000000000
0000000000000000000000000000
0000000000000000000000000000
0000000000000000000001111000
0000000000000000000011111110
0000000000000000000110001110
0000000000000000000100000110
0000000000000000000000000110
0000000000000000000000000110
0000000000000000000000000110
0000000000000000000000001100
0000000000000000000000001100
0000000000000000000000011000
0000000000000000000000110000
0000000000000000000001100000
0000000000000000000011000001
0000000000000000000111111111
0000000000000000000111111111
0000000000000000000000000000
0000000000000000000000000000
0000000000000000000000000000
0000000000000000000000000000
0000000000000000000000000000
0000000000000000000000000000
