0000000000000000000000000000
0000000000000000000000000000
0000000000000000000000000000
0000000000000000000000000000
0000000011111100000000000000
0000001111111110000000000000
0000011111011111000000000000
0000001110001111000000000000
0000000000001111000000000000
0000000000011111000000000000
0000000000111110000000000000
0000000001111110000000000000
0000000011111100000000000000
0000000011110000000000000000
0000000111100000000000000000
0000001111111110000000000000
0000011111111111000000000000
0000000000000000000000000000
0000000000000000000000000000
0000000000000000000000000000
0000000000000000000000000000
0000000000000000000000000000
0000000000000000000000000000
0000000000000000000000000000
0000000000000000000000000000
0000000000000000000000000000
0000000000000000000000000000
0000000000000000000000000000
