0000000000000000000000000000
0000000000000000000000000000
0000000000000000000000000000
0000000000000000000000000000
0000000000000000000000000000
0000000000000001111111000000
0000000000000011111111100000
0000000000000011100011100000
0000000000000011000001110000
0000000000000011000001110000
0000000000000000000001110000
0000000000000000000011100000
0000000000000000001111000000
0000000000000000011110000000
0000000000000001111000000000
0000000000000011110000000000
0000000000000011000000000000
0000000000000111111111100000
0000000000000111111111110000
0000000000000011111111000000
0000000000000000000000000000
0000000000000000000000000000
0000000000000000000000000000
0000000000000000000000000000
0000000000000000000000000000
0000000000000000000000000000
0000000000000000000000000000
0000000000000000000000000000
