0000000000000000000000000000
0000000000000000000000000000
0000000000000000000000000000
0000000000000000000000000000
0000000000000000000000000000
0000000000000000000000000000
0000000000000001000000000000
0000000000010001110000000000
0000000000110000110000000000
0000000000100000111000000000
0000000000000000111000000000
0000000000000000110000000000
0000000000000001110000000000
0000000000000001100000000000
0000000000000000000000000000
0000000000000000000000000000
0000000000110000000000000000
0000000000110000000000000000
0000000001111000000000000000
0000000001111111100000000000
0000000000000000000000000000
0000000000000000000000000000
0000000000000000000000000000
0000000000000000000000000000
0000000000000000000000000000
0010000000000000000000000000
0000000000000000000000000000
0000000000000000000000000000
