0000000000000000000000000000
0000000000000000000000000000
0000000000000000000000000000
0000000000000000000000000000
0000000000000000000000000000
0000000000000000000000000000
0000000000000000000000000000
0000000000000000000000000000
0000000000000111000000000000
0000000000011111100000000000
0000000000011101110000000000
0000000000111000110000000000
0000000000011001110000000100
0000000000000001110000000000
0000000000000111100000000000
0000000000001111000000000000
0000000000011100000000000000
0000000000111111110000000000
0000000000111111110000000000
0000000000111111110000000000
0000000000000000000000000000
0000000000000000000000000000
0000000000000000000000000000
0000000000000000000000000000
0000000000000000000000000000
0000000000000000000000000000
0000000000000000000000000000
0000000000000000000000000000
