0000000000000000000000000000
0000000000000000000000000000
0010000000000000000000000000
0010000000000000000000000000
0000000000000000000000000000
0000000000000001110000011100
0000000000000111111000000000
0000000000001110011100000000
0000000000001100001110000000
0010000000011000001110000000
0000000000011000001110000000
0000000000000000001100000000
0000000000000000111100000000
0000000000000011111000000000
0000000000000111100000000000
0000000000001110000000000000
0010000000011100000000000000
0010000000011111111100000000
0010000000011111111110000000
0010000000011111111100000000
0010000000000000000000000000
0000000000000000000000000000
0000000000000000000000000000
0000000000000000000000000000
0000000000000000000000000000
0000000000000000000000000000
0000000000000000000000000000
0000000000000000000000000000
