0000000000000000000000000000
0000000000000000000000000000
0000000000000000000000000000
0000000000000000000000000000
0000000000001110000000000000
0000000000111111100000000000
0000000001110011110000000000
0000000001100000110000000000
0000000011100000110000000000
0000000011000000110000000000
0000000000000001110000000000
0000000000000011110000000000
0000000000000111100000000000
0000000000011110000000000000
0000000000111100000000000000
0000000001110000000000000000
0000000011100000000000000000
0000000011000000000000000000
0000000011111111110000000000
0000000011111111110000000000
0000000000000000000000000000
0000000000000000000000000000
0000000000000000000000000000
0000000000000000000000000000
0000000000000000000000000000
0011111111111111111111111100
0000000000000000000000000000
0000000000000000000000000000
