0000000000000000000000000000
0000000000000000000000000000
0000000000000000000000000000
0000000000000000000000000000
0000000000001111110000000000
0000000000011111111000000000
0000000000111111111100000000
0000000001111111111100000000
0000000001111000111100000000
0000000001110000111100000000
0000000000000001111100000000
0000000000000011111100000000
0000000000001111111000000000
0000000000011111110000000000
0000000000111111000000000000
0000000001111111000000000000
0000000001111111111000000000
0000000001111111111100000000
0000000001111111111100000000
0000000000111111111000000000
0000000000000000000000000000
0000000000000000000000000000
0000000000000000000000000000
0011111111111111111111111100
0011111111111111111111111100
0011111111111111111111111100
0000000000000000000000000000
0000000000000000000000000000
