0000000000000000000000000000
0000000000000000000000000000
0011111111111111111111111100
0011110000000000000000000000
0010000000000000000000000000
0000000000000000000000000000
0000000000000000000000000000
0000000000000111000000000000
0000000000011111110000000000
0000000000111111110000000000
0000000000111111111000000000
0000000000111111111000000000
0000000000011011111000000000
0000000000000111111000000000
0000000000001111110000000000
0000000000011111100000000000
0000000000011111100000000000
0000000000111111100000000000
0000000000111111110000000000
0000000000111111111000000000
0000000000111111110000000000
0000000000000000000000000000
0000000000000000000000000000
0000000000000000000000000000
0000000000000000000000000000
0000000000000000000000000000
0000000000000000000000000000
0000000000000000000000000000
