0000000000000000000000000000
0000000000000000000000000000
0000000000000000000000000000
0000000000000000000000000000
0000000000000111000000000000
0000000000001111110000000000
0000000000011111110000000000
0000000000011111111000000000
0000000000000001111000000000
0000000000000001111000000000
0000000000000001110000000000
0000000000000011110000000000
0000000000001111100000000000
0000000000011111100000000000
0000000000011111110000000000
0000000000011111110000000000
0000000000011111110000000000
0000000000000000100000000000
0000000000000000000000000000
0000000000000000000000000000
0000000000000000000000000000
0000000000000000000000000000
0000000000000000000000000000
0000000000000000000000000000
0000000000000000000000000000
0010000000000011110000000100
0000000000000000000000000000
0000000000000000000000000000
