0000000000000000000000000000
0000000000000000000000000000
0011111111111111111111111100
0000000000000000000000000000
0000000000000000000000000000
0000000000000000000000000000
0000000000000000000000000000
0000000000000000000000000000
0000000000000001111110000000
0000000000000111111111000000
0000000000000111000111000000
0000000000001110000011100000
0000000000001100000011100000
0000000000001100000011100000
0000000000000000000111100000
0000000000000000001111000000
0001000000000000011110000000
0001000000000001111000000000
0001000000000011100000000000
0001000000000111000000000000
0001000000001110000000000000
0001000000001100000000000000
0001000000001111111111100000
0001000000011111111111100000
0001000000000000000000000000
0001000000000000000000000000
0000000000000000000000000000
0000000000000000000000000000
