0000000000000000000000000000
0000000000000000000000000000
0011111111111001000000001100
0010000000000000000000000000
0010000000000000000000000000
0010000000000000000000000000
0010000000000110000000000000
0000000000011111110000000000
0000000000111111111000000000
0000000000111111111000000000
0000000000111111111100000000
0000000000111111111100000000
0000000000011111111100000000
0000000000001111111000000000
0000000000001111111000000000
0000000000011111110000000000
0000000000111111110000000000
0000000000111111110000000000
0000000000111111111000000000
0000000000011111111000000000
0000000000000011000000000000
0000000000000000000000000000
0000000000000000000000000000
0000000000000000000000000000
0000000000000000000000000000
0000000000000000000000000000
0000000000000000000000000000
0000000000000000000000000000
