0000000000000000000000000000
0000000000000000000000000000
0000000000000000000000000000
0000000000011111100000000000
0000000000111111110000000000
0000000000111111110000000000
0000000000111111110000000000
0000000000010011111000000000
0000000000000111110000000000
0000000000001111110000000000
0000000000011111110000000000
0000000000111111100000000000
0000000000111111110000000000
0000000001111111110000000000
0000000000111111110000000000
0000000000111111110000000000
0000000000000000000000000000
0000000000000000000000000000
0000000000000000000000000000
0000000000000000000000000000
0000000000000000000000000000
0000000000000000000000000000
0000000000000000000000000000
0011000000000111111111111100
0011111111111111111111111100
0010000000000011111111111100
0000000000000000000000000000
0000000000000000000000000000
