0000000000000000000000000000
0000000000000000000000000000
0010000000000000000011011100
0000000000000000000000000000
0000000000000000000000000000
0000000000000000000000000000
0000000000001111110000000000
0000000000011111111000000000
0000000000111111111100000000
0000000000111100111100000000
0000000000111000011100000000
0000000000010000111100000000
0000000000000000111100000000
0000000000000011111100000000
0000000000000111111000000000
0000000000001111110000000000
0000000000011111000000000000
0000000000111110000000000000
0000000001111110000000000000
0000000001111111111000000000
0000000001111111111000000000
0000000000111111111000000000
0000000000000000000000000000
0000000000000000000000000000
0000000000000000000000000000
0010000000000000000000000100
0000000000000000000000000000
0000000000000000000000000000
