0000000000000000000000000000
0000000000000000000000000000
0011000000000000000000000000
0011000000000000000000000000
0011000000000000110000000000
0011000000000011111100000000
0011000000000111111110000000
0011000000000111001110000000
0011000000001110001110000000
0011000000000000001110000000
0011000000000000011110000000
0011000000000001111100000000
0010000000000011111000000000
0010000000000111100000000000
0010000000001111111110000000
0010000000001111111110000000
0010000000001111111110000000
0010000000000000000000000000
0010000000000000000000000000
0010000000000000000000000000
0010000000000000000000000000
0010000000000000000000000000
0010000000000000000000000000
0010000000000000000000000000
0010000000000000000000000000
0011111111111111111111111100
0000000000000000000000000000
0000000000000000000000000000
