0000000000000000000000000000
0000000000000000000000000000
0000000000000000000000000100
0000000000000000000000000100
0000000000000000000000000100
0000000000000000000000000100
0000000000011110000000000100
0000000000110111000000000100
0000000000000001100000000100
0000000001000001110000000100
0000000000000001110000000100
0000000000000001100000000100
0000000000000001100000000100
0000000000000011000000000100
0000000000001000000000000100
0000000000010000000000000100
0000000000100000000000000100
0000000001100000000000000100
0000000011110000000000000100
0000000011111111000000000100
0000000000100000000000000100
0000000000000000000000000100
0000000000000000000000000100
0000000000000000000000000100
0000000000000000000000000100
0011111111111111111111111100
0000000000000000000000000000
0000000000000000000000000000
