0000000000000000000000000000
0000000000000000000000000000
0000000000000000000000000000
0000000000000000000000000000
0000000000000000000000000000
0000000000111111110000000000
0000000001111111111000000000
0000000001111111111100000000
0000000011111111111100000000
0000000011110001111100000000
0000000011110000111100000000
0000000011100000111100000000
0000000011000001111100000000
0000000000000111111100000000
0000000000011111111000000000
0000000000111111110000000000
0000000001111111100000000000
0000000011111100000000000000
0000000011111111111100000000
0000000111111111111100000000
0000000011111111111100000000
0000000011111111111100000000
0000000011111111111100000000
0000000000000001000000000000
0000000000000000000000000000
0000000000000000000000000000
0000000000000000000000000000
0000000000000000000000000000
