0000000000000000000000000000
0000000000000000000000000000
0011111111111110000011101100
0011111000000000000000000100
0011000000000000000000000100
0010000000111110000000000100
0011100001111111100000000100
0011000111111111110000000100
0010000111111111111000000100
0010000111111111111000000100
0010000111110011111000000100
0010000111100011111000000100
0010000111100111111000000100
0011000000011111110000000100
0010000000111111110000000100
0011000011111111100000000100
0010000011111110000000000100
0010000111111100000000000100
0010000111111110000000000100
0010000111111111100000000100
0011000111111111110000000100
0011000111111111110000000100
0010000000010000000000000100
0010000000000000000000000100
0011000000000000000000000100
0011111100000000000000111100
0000000000000000000000000000
0000000000000000000000000000
