0000000000000000000000000000
0000000000000000000000000000
0000000000000000000000000000
0000000000000000000000000000
0000000000000000000000000000
0000000000000000000000000000
0000000000001111100000000000
0000000000011111111000000000
0000000000111111111000000000
0000000000111101111000000000
0000000000111100111000000000
0000000000010001111000000000
0000000000000011111000000000
0000000000000111110000000000
0000000000001111100000000000
0000000000011111000000000000
0000000000111111111000000000
0000000000111111111100000000
0000000000111111111000000000
0000000000000100010000000000
0000000000000000000000000000
0000000000000000000000000000
0000000000000000000000000000
0000000000000000000000000000
0000000000000000000000000000
0000000000000000000000000000
0000000000000000000000000000
0000000000000000000000000000
