0000000000000000000000000000
0000000000000000000000000000
0011111111111111111111111100
0011111111111111111111100100
0000000000000000000000000000
0000000000000000000000000000
0000000000000000000000000000
0000000000000000000000000000
0000000000000000000000000000
0000000000011111100000000000
0000000000111111110000000000
0000000000111001110000000000
0000000000110001110000000000
0000000000000001110000000000
0000000000000001110000000000
0000000000000111100000000000
0000000000001111000000000000
0000000000011100000000000000
0000000000111000000000000000
0000000000111111110000000000
0000000000111111110000000000
0000000000000000000000000000
0000000000000000000000000000
0000000000000000000000000000
0000000000000000000000000000
0000000000000000000000000000
0000000000000000000000000000
0000000000000000000000000000
