0000000000000000000000000000
0000000000000000000000000000
0011000000000000000000000100
0010000000000000000000000100
0010000000000000000000000100
0010000000011111000000000000
0010000000111111110000000100
0010000001111111111000000100
0010000001111111111100000100
0010000001111111111100000100
0010000011111001111100000100
0010000001111001111100000100
0010000000110011111100000100
0010000000000111111000000100
0010000000011111111000000100
0010000000111111110000000100
0010000000111111000000000100
0010000001111110000000000100
0010000011111111110000000100
0010000011111111111000000100
0010000011111111111100000100
0010000001111111111100000100
0010000000000010000000000100
0010000000000000000000000100
0010000000000000000000000100
0011100001110000000011111100
0000000000000000000000000000
0000000000000000000000000000
