0000000000000000000000000000
0000000000000000000000000000
0011100000000000111001111100
0010000000000000000000000000
0010000000000000000000000000
0010000000000000000000000000
0010000000000011100000000000
0010000000001111110000000000
0010000000001111111000000000
0010000000011111111100000000
0010000000011111111100000000
0000000000000101111100000000
0000000000000001111100000000
0000000000000011111000000000
0000000000000111111000000000
0000000000001111110000000000
0000000000011111111000000000
0000000000001111111000000000
0000000000001111111000000000
0000000000000010110000000000
0000000000000000000000000000
0000000000000000000000000000
0000000000000000000000000000
0000000000000000000000000000
0000000000000000000000000000
0000000000000000000000000000
0000000000000000000000000000
0000000000000000000000000000
