0000000000000000000000000000
0000000000000000000000000000
0000000000000000000000000000
0010000000000000000000000000
0000000000000000000000000000
0000000000000000000000000000
0000000000000011000000000000
0000000000001111110000000000
0000000000001100111000000000
0000000000011100011000000000
0000000000000000011000000000
0000000000000000111000000000
0010000000000000111000000000
0000000000000011110000000000
0000000000000111000000000000
0000000000001110000000000000
0000000000011111111000000000
0010000000011111111100000000
0000000000000000000000000000
0010000000000000000000000000
0010000000000000000000000000
0010000000000000000000000000
0010000000000000000000000000
0010000000000000000000000000
0010000000000000000000000000
0010000000000000000000000000
0000000000000000000000000000
0000000000000000000000000000
