0000000000000000000000000000
0000000000000000000000000000
0010000000000000000000000000
0010000000000000000000000000
0010000000000000000000000000
0010000000000011000000000000
0010000000001111111000000000
0010000000111111111000000000
0010000000111111111100000000
0010000001111000111100000000
0010000000110000111100000000
0010000000000000111100000000
0010000000000001111100000000
0010000000000011111000000000
0010000000000111110000000000
0010000000001111000000000000
0010000000111110000000000000
0010000000111100000000000000
0010000001111111111000000000
0010000000111111111000000000
0010000000111111111000000000
0010000000000000000000000000
0010000000000000000000000000
0010000000000000000000000000
0010000000000000000000000000
0011111111111111111111111100
0000000000000000000000000000
0000000000000000000000000000
