0000000000000000000000000000
0000000000000000000000000000
0011111111111111111111111100
0011111111111111111111111100
0010000000111111111111111100
0000000000001111100000011100
0000000001111111111000001100
0000000001111111111000001100
0000000011111111111100011100
0000000011111111111100001100
0000000111111111111110001100
0000000111111111111110001100
0000000011111011111110001100
0000000011110111111100001100
0000000000001111111100001100
0000000000111111111000001100
0000000001111111110000001100
0000000011111111100000000100
0000000011111111000000000100
0000000011111111111100000100
0000000011111111111100000100
0000000011111111111100000100
0000000011111111111000000100
0000000000111100110000000100
0000000000000000000000000100
0000000000001000000000000100
0000000000000000000000000000
0000000000000000000000000000
