0000000000000000000000000000
0000000000000000000000000000
0010000000000000000000000000
0010000000000000000000000000
0010000000000000000000000000
0010000000000000000000000000
0010000000000000000000000000
0010000000001111110000000000
0010000000011100111000000000
0010000000011000011000000000
0010000000110000011100000000
0010000000000000011000000000
0010000000000000011000000000
0010000000000001111000000000
0010000000000111110000000000
0010000000001111100000000000
0010000000011110000000000000
0010000000011100000000000000
0010000000111100000000000000
0010000000111111111000000000
0010000000011111111000000000
0010000000000000000000000000
0010000000000000000000000000
0010000000000000000000000000
0010000000000000000000000000
0010000000000000000000000000
0000000000000000000000000000
0000000000000000000000000000
