0000000000000000000000000000
0000000000000000000000000000
0011100000000000000000000000
0011110000000000000000000000
0011100000100000000000000000
0011100001111110000000000000
0010000011111111000000000000
0000000011110111100000000000
0011000011100011100000000000
0000000111100011100000000000
0000000000000111100000000000
0001000000001111000000000000
0000000000011110000000000000
0000100001111100000000000000
0000000011111000000000000000
0000000011111000100000000000
0010000011111111100000000000
0000000111111111100000000000
0000000000000000000000000000
0000000000000000000000000000
0000000000000000000000000000
0000000000000000000000000000
0000000000000000000000000000
0010000000000000000000000000
0000000000000000000000000000
0000000000000000000000000000
0000000000000000000000000000
0000000000000000000000000000
