0000000000000000000000000000
0000000000000000000000000000
0011111111111111111111111100
0011000000000000000000000000
0011000000000000000000000000
0011000000000000000000000000
0011000000001111110000000000
0011000000011111111100000000
0011000000111111111110000000
0011000000111111111110000000
0011000001111101111110000000
0011000000111000111110000000
0011000000111000111110000000
0011000000000001111100000000
0011000000000111111100000000
0011000000001111111000000000
0011000000011111110000000000
0011000000111111000000000000
0011000001111111000000000000
0011000001111111111100000000
0011000001111111111110000000
0011000001111111111110000000
0011000000111111111000000000
0011000000000000000000000000
0011000000000000000000000000
0011111111111111111111111100
0000000000000000000000000000
0000000000000000000000000000
