0000000000000000000000000000
0000000000000000000000000000
0000000000000000000000000000
0000000000000000000000000000
0000000000000000000000000100
0000000000000000000000000000
0000000000000000000000000100
0000000000000000000000000100
0000000000000000000000000000
0000000000111100000000000100
0000000001000100000000000100
0000000011000110000000000100
0000000010000110000000000100
0000000000000100000000000100
0000000000011000000000000100
0000000000110000000000000100
0000000001000000000000000100
0000000011000000000000000100
0000000011111110000000000100
0000000000000000000000000100
0000000000000000000000000100
0000000000000000000000000100
0000000000000000000000000100
0000000000000000000000000100
0000000000000000000000000100
0000000000000000000000000100
0000000000000000000000000000
0000000000000000000000000000
