0000000000000000000000000000
0000000000000000000000000000
0010000000000000000000000000
0010000000000000000000000000
0010000000000000000000000000
0010000000001111110000000000
0010000000011111111000000000
0010000000111101111100000000
0010000000111000111100000000
0010000000110000011100000000
0010000000000000011100000000
0010000000000000111100000000
0010000000000011111000000000
0010000000000111110000000000
0010000000001111000000000000
0010000000111110000000000000
0010000000111100000000000000
0010000000111111110000000000
0010000000111111111000000000
0010000000111111111000000000
0010000000000000000000000000
0010000000000000000000000000
0010000000000000000000000000
0010000000000000000000000000
0011110011000011100011111100
0011111111111111111111111100
0000000000000000000000000000
0000000000000000000000000000
