0000000000000000000000000000
0000000000000000000000000000
0011111111111111111111111100
0011111111111101111100001100
0010000000000000000000000100
0010000000011110000000000100
0010000001111111100000000100
0010000011111111110000000100
0010000111111111111000000100
0010000111111111111000000100
0010000111111111111000000100
0010000111110111111000000100
0010000111110111111000000100
0010000111111111111000000100
0010000000111111111000000100
0010000001111111110000000100
0010000011111111100000000100
0010000111111110000000000100
0010000111111111100000000100
0010000111111111110000000100
0010000111111111111000000100
0010000111111111111000000100
0010000111111111110000000100
0010000000000000000000000100
0010000000000000000000000100
0011000000000000000000000100
0000000000000000000000000000
0000000000000000000000000000
