0000000000000000000000000000
0000000000000000000000000000
0011111111111111111111111100
0011111111111111111111111100
0011111111111111111111111100
0011111111111111111111111100
0010000000000000000000000100
0000000000001111000000000100
0000000000111111100000000100
0000000001111111110000000100
0000000011111111110000000100
0000000111111111110000000100
0000000111111111111000000100
0000000111111111111000000100
0000000111111111111000000100
0000000001111111111000000100
0000000001111111110000000100
0000010111111111110000000100
0010010111111111110000000100
0000000111111111111000000100
0000000111111111111000000100
0000000011111111111000000100
0000000011111111110000000100
0000000001111111110000000100
0000000000000000000000000100
0000000000000000000000000100
0000000000000000000000000000
0000000000000000000000000000
