0000000000000000000000000000
0000000000000000000000000000
0000000000000000000000000000
0000000000000000000000000000
0000000000011111000000000000
0000000000111111100000000000
0000000001111111110000000000
0000000001111111110000000000
0000000001111111111000000000
0000000000101111110000000000
0000000000001111110000000000
0000000000011111110000000000
0000000000111111100000000000
0000000000111111100000000000
0000000001111111110000000000
0000000001111111110000000000
0000000001111111110000000000
0000000000111111110000000000
0000000000000000000000000000
0000000000000000000000000100
0000000000000000000000000100
0000000000000000000000000100
0000000000000000000000000100
0000000000000000000000000100
0011111111111111111111111100
0011111111111111111111111100
0000000000000000000000000000
0000000000000000000000000000
