0000000000000000000000000000
0000000000000000000000000000
0011111111111111111111111100
0011111111100000000111111100
0011100000000000000000000100
0011000000000000000000000100
0011000000111111000000000100
0011000001111111110000000100
0011000001111111111000000100
0011000011111111111000000100
0010000011111111111000000100
0011000011111001111000000100
0010000011110001111000000000
0010000011100111111000000000
0011000000011111111000000000
0011000000111111110000000000
0011000001111111100000000000
0011000011111111000000000000
0011000011111110000000000000
0011000111111111110000000000
0011000111111111110000000000
0011000111111111110000000000
0011000011111111110000000100
0011000000000000000000000100
0011000000000000000000000000
0011110000000000000000000100
0000000000000000000000000000
0000000000000000000000000000
