0000000000000000000000000000
0000000000000000000000000000
0010000000000000000000000000
0010000000000000000000000000
0010000000000000000000000000
0010000000000011111000000000
0010000000001111111100000000
0010000000001110011110000000
0010000000011100001110000000
0010000000001000001110000000
0010000000000000001110000000
0010000000000000011110000000
0010000000000000111100000000
0010000000000011111000000000
0010000000000111100000000000
0010000000001111000000000000
0010000000011110000000000000
0010000000011111000000000000
0010000000011111111100000000
0010000000011111111100000000
0010000000000000000000000000
0010000000000000000000000000
0010000000000000000000000000
0010000000000000000000000000
0011000000000000000000000000
0011111111111111111111111100
0000000000000000000000000000
0000000000000000000000000000
