0000000000000000000000000000
0000000000000000000000000000
0000000111110000000000001100
0000001111111100000000001100
0000011110011110000000001100
0000011100000110000000001100
0000011000000111000000001100
0000011000000111000000001100
0000000000000111000000001100
0000000000000111000000001100
0000000000001110000000000100
0000000000111100000000000100
0000000011111000000000000100
0000000111100000000000000100
0000001110000000000000000100
0000001100000000000000000100
0000011100000000000000000100
0000011111111111000000000100
0000011111111111100000000100
0000000001111111000000000100
0000000000000000000000000100
0000000000000000000000000100
0000000000000000000000000000
0000000000000000000000000000
0000000000000000000000000000
0011111111111110000000000000
0000000000000000000000000000
0000000000000000000000000000
