0000011111111000000000000000
0000011111111100000000000000
0000011000011100000000000000
0000000000001110000000000000
0000000000001110000000000000
0000000000011100000000000000
0000000000111100000000000000
0000000011111000000000000000
0000000011111000000000000000
0000000000111100000000000000
0000000000001110000000000000
0000000000001110000000000000
0000000000001110000000000000
0000000000001110000000000000
0000000000011110000000000000
0000111100111100000000000000
0000111111111100000000000000
0000011111111000000000000000
0000000000000000000000000000
0000000000000000000000000000
0000000000000000000000000000
0000000000000000000000000000
0000000000000000000000000000
0000000000000000000000000000
0000000000000000000000000000
0000000000000000000000000000
0000000000000000000000000000
0000000000000000000000000000
