0000000000000000000000000000
0000000000000000000000000000
0000000000000000000000000000
0000000000000000000000000000
0000000000000000000000000000
0000000000000000000000000000
0000000000000000000000000000
0000000000000000000000000000
0000000000000000000000000000
0000000000000000000000000000
0000000000000000000000000000
0000000000000000111111000000
0000000000000011111111100000
0000000000000011110011110000
0000000000000011100011110000
0000000000000000000111100000
0000000000000000001111000000
0000000000000000001111000000
0000000000000000000111100000
0000000000000000000111100000
0000000000000000000011110000
0000000000000000000011110000
0000000000000011100011100000
0000000000000011111111100000
0000000000000011111111000000
0000000000000000111110000000
0000000000000000000000000000
0000000000000000000000000000
