0000000000000000000000000000
0000000000000000000000000000
0000000000000000000000000000
0000000000000000000000000000
0000000000000000000000000000
0000000000000000000000000000
0000000000011110000000000000
0000000001111111110000000000
0000000011110011110000000000
0000000111000000111000000000
0000000111000000111000000000
0000000000000001110000000000
0000000000001111110000000000
0000000000001111110000000000
0000000000000001111000000000
0000000000000000111000000000
0000000110000000011000000000
0000000111000000111000000000
0000000111110011111000000000
0000000011111111110000000000
0000000000011110000000000000
0000000000000000000000000000
0000000000000000000000000000
0000000000000000000000000000
0000000000000000000000000000
0000000000000000000000000000
0000000000000000000000000000
0000000000000000000000000000
