0000000000000000000000000000
0000000000000000000000000000
0000000000000000000000000000
0000000000000000000000000000
0000000000000000000000000000
0000000000000000000000000000
0000000000000000000000000000
0000000000000000000000000000
0000000000000000000000000000
0000000000000000000000000000
0000000000000000011111100000
0000000000000000111111110000
0000000000000001111111111000
0000000000000000111011111000
0000000000000000000011110000
0000000000000000011111110000
0000000000000000001111110000
0000000000000000100011111000
0000000000000000111011111000
0000000000000001111011111000
0000000000000001111111110000
0000000000000000111111100000
0000000000000000000000000000
0000000000000000000000000000
0000000000000000000000000000
0000000000000000000000000000
0000000000000000000000000000
0000000000000000000000000000
