0000000000000000000000000000
0000000000000000000000000000
0000000000000000000000000000
0000000000000000000000000000
0000000000000000000000000000
0000000000000000000000000000
0000000000000000000000000000
0000000000000000000000000000
0000000000000000000000000000
0000000000000000000000000000
0000000000000000000000000000
0000000000000011111110000000
0000000000000011111111000000
0000000000000000000111100000
0000000000000000000011100000
0000000000000000000111000000
0000000000000000111111000000
0000000000000000111111000000
0000000000000000001111000000
0000000000000000000011100000
0000000000000000000011100000
0000000000000000000011100000
0000000000000010001111100000
0000000000000111111111000000
0000000000000011111100000000
0000000000000000000000000000
0000000000000000000000000000
0000000000000000000000000000
