0000000000000000000000000000
0000000000000000000000000000
0000000000000000000000000000
0000000000000000000000000000
0000000000000000000000000000
0000000000000000000000000000
0000000000000000000000000000
0000000000000000000000000000
0000000000000000000000000000
0000000000000000000000000000
0000000000000000000000000000
0000000000000000000000000000
0000000000000000000000000000
0000000000000000111111100000
0000000000000001111111111000
0000000000000011100000111000
0000000000000011100000011100
0000000000000000000000111000
0000000000000000000111111000
0000000000000000000111111000
0000000000000000000000011100
0000000000000000000000011100
0000000000000111000000011100
0000000000000011110000111100
0000000000000001111111110000
0000000000000000001111000000
0000000000000000000000000000
0000000000000000000000000000
