0000000000000000000000000000
0000000000000000000000000000
0000000000000000000000000000
0000000000000000000000000000
0000000000000000000000000000
0000000001111000000000000000
0000000011111110000000000000
0000000011000110000000000000
0000000000000110000000000000
0000000000001110000000000000
0000000000111100000000000000
0000000000111100000000000000
0000000000001110000000000000
0000000000000110000000000000
0000000000000110000000000000
0000000111000110000000000000
0000000011111110000000000000
0000000001111100000000000000
0000000000000000000000000000
0000000000000000000000000000
0000000000000000000000000000
0000000000000000000000000000
0000000000000000000000000000
0000000000000000000000000000
0000000000000000000000000000
0000000000000000000000000000
0000000000000000000000000000
0000000000000000000000000000
