0000000000000000000000000000
0000000000000000000000000000
0000000000000000000000000000
0000000000000011111000000000
0000000000001111111110000000
0000000000011111011111000000
0000000000111100000111100000
0000000000111000000011100000
0000000000000000000111100000
0000000000000000011111000000
0000000000000001111110000000
0000000000000001111111000000
0000000000000000000111100000
0000000000000000000011110000
0000000000000000000011110000
0000000000110000000011110000
0000000000111000000011100000
0000000000111100000111100000
0000000000011111111111000000
0000000000000111111100000000
0000000000000000000000000000
0000000000000000000000000000
0000000000000000000000000000
0000000000000000000000000000
0000000000000000000000000000
0000000000000000000000000000
0000000000000000000000000000
0000000000000000000000000000
