0000000000000000000000000000
0000000000000000000000000000
0000000000000000000000000000
0000000000000000000000000000
0000000000000000000000000000
0000000000000000000000000000
0000000000000000000000000000
0000000000000000000000000000
0000000000000000000000000000
0000000000000000000000000000
0000000000000000000000000000
0000000000000111110000000000
0000000000001111111100000000
0000000000011111111100000000
0000000000011111111110000000
0000000000011110011110000000
0000000000000000011110000000
0000000000000000011100000000
0000000000000001111100000000
0000000000000011111000000000
0000000000000011111000000000
0000000000000001111100000000
0000000000000000111110000000
0000000000000000011110000000
0000000000011100011110000000
0000000000011110011110000000
0000000000011111111110000000
0000000000011111111100000000
