0000000000000000000000000000
0000000000000000000000000000
0000000000000000000000000000
0000000000000000000000000000
0000000000000000000000000000
0000000000000000000000000000
0000000000000000000000000000
0000000000000000000000000000
0000000000000000000000000000
0000000000000000000000000000
0000000000000001111100000000
0000000000000001111111000000
0000000000000011111111000000
0000000000000000000111000000
0000000000000000000111000000
0000000000000000000111000000
0000000000000000000111000000
0000000000000000000111000000
0000000000000000111111000000
0000000000000001111110000000
0000000000000001111111000000
0000000000000000001111000000
0000000000000000000111100000
0000000000000000000111100000
0000000000000000000011100000
0000000000000000000011100000
0000000000000000000111100000
0000000000000000000111000000
