0000000000000000000000000000
0000000000000000000000000000
0000000000000000000000000000
0000000000000000000000000000
0000000000000000000000000000
0000000000000000000000000000
0000000000000000000000000000
0000000000000000000000000000
0000000000000111110000000000
0000000000001111111000000000
0000000000011111111100000000
0000000000011000111100000000
0000000000010000011100000000
0000000000000000011000000000
0000000000000000111000000000
0000000000000001110000000000
0000000000000111111100000000
0000000000000011111110000000
0000000000000000011110000000
0000000000000000011110000000
0000000000000000001110000000
0000000000010000001100000000
0000000000011000011100000000
0000000000011100111000000000
0000000000011111100000000000
0000000000000000000000000000
0000000000000000000000000000
0000000000000000000000000000
