0000000000000000000000000000
0000000000000000000000000000
0000000000000000000000000000
0000000000000000000000000000
0000000000000000000000000000
0000000000000000000000000000
0000000000000000000000000000
0000000000000000000000000000
0000000000000000000000000000
0000000000000000000000000000
0000000000000000000000000000
0000000000000000000000000000
0000000111111100000000000000
0000000111111110000000000000
0000000000001110000000000000
0000000000000110000000000000
0000000000000110000000000000
0000000000000110000000000000
0000000000001110000000000000
0000000000011110000000000000
0000000011111100000000000000
0000000001111100000000000000
0000000000011110000000000000
0000000000000111000000000000
0000000000000111000000000000
0000000000000111000000000000
0000000000000111000000000000
0000000000000111000000000000
