0000000000000000000000000000
0000000000000000000000000000
0000000000000000000000000000
0000000000000000000000000000
0000000000000000000000000000
0000000000000000000000000000
0000000000000000000000000000
0000000000000000000000000000
0000000000000000011110000000
0000000000000000111111000000
0000000000000001110011100000
0000000000000001100001100000
0000000000000001100001100000
0000000000000000000001100000
0000000000000000000011100000
0000000000000000001111000000
0000000000000000001111100000
0000000000000000000001110000
0000000000000000000000110000
0000000000000001000000110000
0000000000000011100000110000
0000000000000001100001100000
0000000000000001111111100000
0000000000000000111111000000
0000000000000000000000000000
0000000000000000000000000000
0000000000000000000000000000
0000000000000000000000000000
