0000000000000000000000000000
0000000000000000000000000000
0000000000000000000000000000
0000000000000000000000000000
0000000000000000000000000000
0000000000000000000000000000
0000000000000000000000000000
0000000000000000000000000000
0000000000000000000000000000
0000000000000000000000000000
0000000000000000000000000000
0000000000001111000000000000
0000000000011111110000000000
0000000000011101110000000000
0000000000000001110000000000
0000000000000011110000000000
0000000000000011100000000000
0000000000000001110000000000
0000000000000000111000000000
0000000000000000111000000000
0000000000111000111000000000
0000000000011111110000000000
0000000000011111100000000000
0000000000000010000000000000
0000000000000000000000000000
0000000000000000000000000000
0000000000000000000000000000
0000000000000000000000000000
