0000000000000000000000000000
0000000000000000000000000000
0000000000000000000000000000
0000000000000000000000000000
0000000000000000000000000000
0000000000000000000000000000
0000000000000000000000000000
0000000000000000000000000000
0000000000000000000000000000
0000000000000000000000000000
0000000000000000000000000000
0000000000011100000000000000
0000000001111110000000000000
0000000001100011000000000000
0000000000000011000000000000
0000000000000011000000000000
0000000000001110000000000000
0000000000011110000000000000
0000000000011110000000000000
0000000000000011000000000000
0000000000000011000000000000
0000000000000011000000000000
0000000001100011000000000000
0000000001110111000000000000
0000000001111110000000000000
0000000000000000000000000000
0000000000000000000000000000
0000000000000000000000000000
