0000000000000000000000000000
0000000000000000000000000000
0000000000000000000000000000
0000000000000000000000000000
0000000000000000000000000000
0000000000000000000000000000
0000000000000000000000000000
0000000000000000000000000000
0000000000000000000000000000
0000000000000000011000000000
0000000000000001111110000000
0000000000000011111111000000
0000000000000111000111100000
0000000000000110000011100000
0000000000000110000011100000
0000000000000000000011100000
0000000000000000000111000000
0000000000000000011111000000
0000000000000000011111000000
0000000000000000000111100000
0000000000000000000001100000
0000000000000000000001110000
0000000000000000000001110000
0000000000000100000001110000
0000000000001110000001110000
0000000000000111000011100000
0000000000000111111111100000
0000000000000011111111000000
