0000000000000000000000000000
0000000000000000000000000000
0000000000000000000000000000
0000000000000000000000000000
0000000000000000000000000000
0000000000000000000000000000
0000000000000000000000000000
0000000000000000000000000000
0000000000000000000000000000
0000000000000000000000000000
0000000000000000000000000000
0000000000000000000000000000
0000000000000000000000000000
0000000000000000000000000000
0111111000000000000000000000
1111111100000000000000000000
0100001100000000000000000000
0000001100000000000000000000
0000011100000000000000000000
0011111000000000000000000000
0011111000000000000000000000
0000011100000000000000000000
0000001100000000000000000000
0000001100000000000000000000
1100001100000000000000000000
1110111100000000000000000000
0111111000000000000000000000
0000000000000000000000000000
