0000000000000000000000000000
0000000000000000000000000000
0000000000000000000000000000
0000000000000000000000000000
0000000000000000000000000000
0000000000000000000000000000
0000000000000000000000000000
0000000000000000000000000000
0000000000000000000000000000
0000000000000000000000000000
0000000000000000001110000000
0000000000000000111111100000
0000000000000001111111110000
0000000000000001110011110000
0000000000000000000011110000
0000000000000000000111100000
0000000000000000000111100000
0000000000000000000011110000
0000000000000000000001110000
0000000000000000000001110000
0000000000000001110011110000
0000000000000001111111110000
0000000000000000111111100000
0000000000000000000110000000
0000000000000000000000000000
0000000000000000000000000000
0000000000000000000000000000
0000000000000000000000000000
