0000000000000000000000000000
0000000000000000000000000000
0000000000000000000000000000
0000000000000000000000000000
0000000000000000000000000000
0000000000000000000000000000
0000000000000000000000000000
0000000000000000000000000000
0000000000000000000000000000
0000000001111111110000000000
0000000001111111111000000000
0000000000000000111100000000
0000000000000000011100000000
0000000000000000111000000000
0000000000000111110000000000
0000000000001111110000000000
0000000000000000111100000000
0000000000000000011100000000
0000000000000000011100000000
0000000000000000011100000000
0000000011110011111100000000
0000000011111111110000000000
0000000000000000000000000000
0000000000000000000000000000
0000000000000000000000000000
0000000000000000000000000000
0000000000000000000000000000
0000000000000000000000000000
