0000000000000000000000000000
0000000000000000000000000000
0000000000000000000000000000
0000000000000000000000000000
0000000000000000000000000000
0000000000000000000000000000
0000000000000000000000000000
0000000000000000000000000000
0000000000000000000000000000
0000000000000000000000000000
0000000000000000000000000000
0000000110000000000000000000
0000111111110000000000000000
0000111111110000000000000000
0000100001110000000000000000
0000000001110000000000000000
0000000011100000000000000000
0000001111110000000000000000
0000000011111000000000000000
0000000000111000000000000000
0000000000111000000000000000
0001100000110000000000000000
0001111111110000000000000000
0000111110000000000000000000
0000000000000000000000000000
0000000000000000000000000000
0000000000000000000000000000
0000000000000000000000000000
