0000000000000000000000000000
0000000000000000000000000000
0000000000000000000000000000
0000000000000000000000000000
0000000000000000000000000000
0000000000011110000000000000
0000000000011111000000000000
0000000000110011000000000000
0000000000100011000000000000
0000000000000111000000000000
0000000000001110000000000000
0000000000000111000000000000
0000000000100011000000000000
0000000000110001000000000000
0000000000110011000000000000
0000000000011111000000000000
0000000000000000000000000000
0000000000000000000000000000
0000000000000000000000000000
0000000000000000000000000000
0000000000000000000000000000
0000000000000000000000000000
0000000000000000000000000000
0000000000000000000000000000
0000000000000000000000000000
0000000000000000000000000000
0000000000000000000000000000
0000000000000000000000000000
