0000000000000000000000000000
0000000000000000000000000000
0000000000000000000000000000
0000000000000000000000000000
0000000000000000000000000000
0000000000111000000000000000
0000000001111110000000000000
0000000011101111000000000000
0000000000000111000000000000
0000000000011110000000000000
0000000000111110000000000000
0000000000011110000000000000
0000000000000111000000000000
0000000000000111000000000000
0000000011000111000000000000
0000000011111110000000000000
0000000000111100000000000000
0000000000000000000000000000
0000000000000000000000000000
0000000000000000000000000000
0000000000000000000000000000
0000000000000000000000000000
0000000000000000000000000000
0000000000000000000000000000
0000000000000000000000000000
0000000000000000000000000000
0000000000000000000000000000
0000000000000000000000000000
