0000000000001111111000000000
0000000000011111111100000000
0000000000011111111110000000
0000000000011110111110000000
0000000000011100111110000000
0000000000000000111110000000
0000000000000111111100000000
0000000000000111111100000000
0000000000000001111110000000
0000000000011000111110000000
0000000000011000111110000000
0000000000011100111110000000
0000000000011100111110000000
0000000000011111111100000000
0000000000011111111000000000
0000000000010111100000000000
0000000000000000000000000000
0000000000000000000000000000
0000000000000000000000000000
0000000000000000000000000000
0000000000000000000000000000
0000000000000000000000000000
0000000000000000000000000000
0000000000000000000000000000
0000000000000000000000000000
0000000000000000000000000000
0000000000000000000000000000
0000000000000000000000000000
