0000000000000000000000000000
0000000000000000000000000000
0000000000000000000000000000
0000000000000000000000000000
0000000000000000000000000000
0000000000000000000000000000
0000000000000000000000000000
0000011111100000000000000000
0000111111111000000000000000
0000110001111000000000000000
0000000000111000000000000000
0000000000110000000000000000
0000000011110000000000000000
0000001111111000000000000000
0000000001111100000000000000
0000000000111100000000000000
0000000000011100000000000000
0000100000111000000000000000
0000111001110000000000000000
0000111111000000000000000000
0000000000000000000000000000
0000000000000000000000000000
0000000000000000000000000000
0000000000000000000000000000
0000000000000000000000000000
0000000000000000000000000000
0000000000000000000000000000
0000000000000000000000000000
