0000000000000000000000000000
0000000000000000000000000000
0000000000000000000000000000
0000000000000111111000000000
0000000000001111111110000000
0000000000011110011110000000
0000000000001100011110000000
0000000000000000111100000000
0000000000000000111100000000
0000000000000000111100000000
0000000000000000011110000000
0000000000000000011110000000
0000000000001100001110000000
0000000000011110011110000000
0000000000001111111100000000
0000000000000111111000000000
0000000000000000000000000000
0000000000000000000000000000
0000000000000000000000000000
0000000000000000000000000000
0000000000000000000000000000
0000000000000000000000000000
0000000000000000000000000000
0000000000000000000000000000
0000000000000000000000000000
0000000000000000000000000000
0000000000000000000000000000
0000000000000000000000000000
