0000000000000000000000000000
0000000000000000000000000000
0000000000000000000000000000
0000000000000000000000000000
0000000000000000000000000000
0000000001111000000000000000
0000000011111100000000000000
0000000111001110000000000000
0000000000000110000000000000
0000000000001110000000000000
0000000000111100000000000000
0000000001111100000000000000
0000000001111100000000000000
0000000000001110000000000000
0000000000000110000000000000
0000000000000110000000000000
0000000110000110000000000000
0000000111011110000000000000
0000000111111100000000000000
0000000001110000000000000000
0000000000000000000000000000
0000000000000000000000000000
0000000000000000000000000000
0000000000000000000000000000
0000000000000000000000000000
0000000000000000000000000000
0000000000000000000000000000
0000000000000000000000000000
