0000000000000000000000000000
0000000000000000000000000000
0000000000000000000000000000
0000000000000000000000000000
0000000000000000000000000000
0000000000000000000000000000
0000000000000000000000000000
0000000000000000000000000000
0000000000000000000000000000
0000000000000000000000000000
0000000000000000000000000000
0000000000000000000000000000
0000000000000000100000000000
0000000000000111111100000000
0000000000001111111110000000
0000000000001110001110000000
0000000000001100000110000000
0000000000001100000110000000
0000000000000000001110000000
0000000000000001111100000000
0000000000000001111110000000
0000000000000000001110000000
0000000000000000000111000000
0000000000011000000111000000
0000000000011100000111000000
0000000000011100000110000000
0000000000001111111110000000
0000000000000111111100000000
