0000000000000000000000000000
0000000000000000000000000000
0000000000111000000000000000
0000000011111111000000000000
0000000011111111000000000000
0000000111000011100000000000
0000000110000011100000000000
0000000110000011100000000000
0000000000000011000000000000
0000000000011111000000000000
0000000000011111000000000000
0000000000001111100000000000
0000000000000011100000000000
0000000000000001100000000000
0000001110000001100000000000
0000001110000011100000000000
0000000111000011100000000000
0000000111111111000000000000
0000000001111110000000000000
0000000000000000000000000000
0000000000000000000000000000
0000000000000000000000000000
0000000000000000000000000000
0000000000000000000000000000
0000000000000000000000000000
0000000000000000000000000000
0000000000000000000000000000
0000000000000000000000000000
