0000000000000000000000000000
0000000000000000000000000000
0000000000000000000000000000
0000000000000000000000000000
0000000000000000000000000000
0000000000000000000000000000
0000000000000000000000000000
0000000000000000000000000000
0000000000000000000000000000
0000000000000000000000000000
0000000000000000000000000000
0000000000000111000000000000
0000000000011111111000000000
0000000000111111111100000000
0000000000110000111100000000
0000000000000000111000000000
0000000000000000111000000000
0000000000000111111000000000
0000000000001111111100000000
0000000000000000111110000000
0000000000000000011110000000
0000000000000000011110000000
0000000001100000011100000000
0000000001111001111000000000
0000000000111111100000000000
0000000000000000000000000000
0000000000000000000000000000
0000000000000000000000000000
