0000000000000000000000000000
0000000000000000000000000000
0000000000000000000000000000
0000000000000000000000000000
0000000000000000000000000000
0000000000000000000000000000
0000000000000000000000000000
0000000000000000000000000000
0000000000000000000000000000
0000000011111000000000000000
0000000011111000000000000000
0000000010011000000000000000
0000000000011100000000000000
0000000000111000000000000000
0000000001111000000000000000
0000000001111000000000000000
0000000000011100000000000000
0000000000011100000000000000
0000000000011100000000000000
0000000111111100000000000000
0000000011111000000000000000
0000000001110000000000000000
0000000000000000000000000000
0000000000000000000000000000
0000000000000000000000000000
0000000000000000000000000000
0000000000000000000000000000
0000000000000000000000000000
