0000000000000001111110000000
0000000000000011111111000000
0000000000000011110111100000
0000000000000011100111100000
0000000000000011100111100000
0000000000000000000111100000
0000000000000000111111000000
0000000000000000111111000000
0000000000000000001111100000
0000000000000011000111100000
0000000000000011100111100000
0000000000000011100111100000
0000000000000011100111100000
0000000000000011111111000000
0000000000000011111110000000
0000000000000000000000000000
0000000000000000000000000000
0000000000000000000000000000
0000000000000000000000000000
0000000000000000000000000000
0000000000000000000000000000
0000000000000000000000000000
0000000000000000000000000000
0000000000000000000000000000
0000000000000000000000000000
0000000000000000000000000000
0000000000000000000000000000
0000000000000000000000000000
