0000000000000000000000000000
0000000000000000000000000000
0000000000000000000000000000
0000000000000000000000000000
0000000000000000000000000000
0000000000000000000000000000
0000000000000000000000000000
0000000000000000000000000000
0000000000000000000000000000
0000000111110000000000000000
0000001111111000000000000000
0000001100011100000000000000
0000000000011100000000000000
0000000011111000000000000000
0000000011111000000000000000
0000000011111000000000000000
0000000000011100000000000000
0000000000011100000000000000
0000011000011100000000000000
0000011100111000000000000000
0000001111111000000000000000
0000000000000000000000000000
0000000000000000000000000000
0000000000000000000000000000
0000000000000000000000000000
0000000000000000000000000000
0000000000000000000000000000
0000000000000000000000000000
