0000000000000000000000000000
0000000000000000000000000000
0000000000000000000000000000
0000000000000000000000000000
0000000000000000000000000000
0000000000000000000000000000
0000000000000000000000000000
0000000000000000000000000000
0000000001111100000000000000
0000000011111110000000000000
0000000011111111000000000000
0000000111000111000000000000
0000000110000011000000000000
0000000110000011000000000000
0000000000000111000000000000
0000000000001111000000000000
0000000000111110000000000000
0000000000111110000000000000
0000000000000111000000000000
0000000000000011000000000000
0000000100000011100000000000
0000000110000011100000000000
0000000110000011000000000000
0000000111000011000000000000
0000000111111111000000000000
0000000011111110000000000000
0000000001111100000000000000
0000000000000000000000000000
