0000000000000000000000000000
0000000000000000000000000000
0000000000000000000000000000
0000000000000000000000000000
0000000000000000000000000000
0000000000000000000000000000
0000000000000000000000000000
0000001111111000000000000000
0000001111111100000000000000
0000000000001100000000000000
0000000000001100000000000000
0000000000001100000000000000
0000000000111100000000000000
0000000111111000000000000000
0000000011111100000000000000
0000000000011110000000000000
0000000000001110000000000000
0000000000001110000000000000
0000000000001110000000000000
0000000000011110000000000000
0000001111111100000000000000
0000001111111000000000000000
0000000000000000000000000000
0000000000000000000000000000
0000000000000000000000000000
0000000000000000000000000000
0000000000000000000000000000
0000000000000000000000000000
