0000000000000000000000000000
0000000000000000000000000000
0000000000000000000000000000
0000000000000000000000000000
0000000000000000000000000000
0000000000000000000000000000
0000000000000000000000000000
0000000000000000000000000000
0000000000000111100000000000
0000000000001111111000000000
0000000000011100011100000000
0000000000111000001100000000
0000000000010000001100000000
0000000000000000011100000000
0000000000000011111000000000
0000000000000011111000000000
0000000000000000011100000000
0000000000000000001110000000
0000000000000000001110000000
0000000000110000001110000000
0000000000111000001110000000
0000000000111100011100000000
0000000000011111111100000000
0000000000001111110000000000
0000000000000000000000000000
0000000000000000000000000000
0000000000000000000000000000
0000000000000000000000000000
