0000000000000000000000000000
0000000000000000000000000000
0000000000000000000000000000
0000000111110000000000000000
0000001111111000000000000000
0000011111111100000000000000
0000011110111100000000000000
0000000000111100000000000000
0000000000111100000000000000
0000000011111000000000000000
0000000011111000000000000000
0000000011111100000000000000
0000000000111100000000000000
0000011100111100000000000000
0000011100111100000000000000
0000011111111100000000000000
0000011111111100000000000000
0000000111110000000000000000
0000000000000000000000000000
0000000000000000000000000000
0000000000000000000000000000
0000000000000000000000000000
0000000000000000000000000000
0000000000000000000000000000
0000000000000000000000000000
0000000000000000000000000000
0000000000000000000000000000
0000000000000000000000000000
