0000000000000000000000000000
0000000000000000000000000000
0000000000000000000000000000
0000000000000000000000000000
0000000000000000000000000000
0000000000000000000000000000
0000000000000000000000000000
0000000000000000000000000000
0000000000000000000000000000
0000000000000000000000000000
0000000000000000000000000000
0000000000000000000000000000
0000000000000000000000000000
0000000000000000000000000000
0000111111100000000000000000
0000111111110000000000000000
0000000001110000000000000000
0000000011110000000000000000
0000000111110000000000000000
0000000001111000000000000000
0000000000111000000000000000
0000111000111000000000000000
0000111111111000000000000000
0000011111100000000000000000
0000000000000000000000000000
0000000000000000000000000000
0000000000000000000000000000
0000000000000000000000000000
