0000000000000000000000000000
0000000000000000000000000000
0000000000000000001111111000
0000000000000000011111111100
0000000000000000011111111100
0000000000000000111110111110
0000000000000000011000011110
0000000000000000000000111100
0000000000000000000001111100
0000000000000000000001111000
0000000000000000000001111100
0000000000000000000000111100
0000000000000000000000011110
0000000000000000000000011110
0000000000000000011000011110
0000000000000000111100111100
0000000000000000111111111100
0000000000000000011111111000
0000000000000000001111110000
0000000000000000000000000000
0000000000000000000000000000
0000000000000000000000000000
0000000000000000000000000000
0000000000000000000000000000
0000000000000000000000000000
0000000000000000000000000000
0000000000000000000000000000
0000000000000000000000000000
