0000000000000000000000000000
0000000000000000000000000000
0000000000000000000000000000
0000000000000000000000000000
0000000000000000000000000000
0000000000000000000000000000
0000000000000000000000000000
0000000000000000000000000000
0000000011100000000000000000
0000001111111000000000000000
0000001100011100000000000000
0000011100001100000000000000
0000001000001100000000000000
0000000000011100000000000000
0000000001111000000000000000
0000000001111100000000000000
0000000000001110000000000000
0000011000000110000000000000
0000011000001110000000000000
0000001110011100000000000000
0000001111111000000000000000
0000000000000000000000000000
0000000000000000000000000000
0000000000000000000000000000
0000000000000000000000000000
0000000000000000000000000000
0000000000000000000000000000
0000000000000000000000000000
