0000000000000000000000000000
0000000000000000000000000000
0000000000000000000000000000
0000000000000000000000000000
0000000000000000000000000000
0000000000000000000000000000
0000000000000000000000000000
0000000010000000000000000000
0000001111100000000000000000
0000001111110000000000000000
0000001100110000000000000000
0000000001110000000000000000
0000000011100000000000000000
0000000011110000000000000000
0000000000111000000000000000
0000000000111000000000000000
0000001100111000000000000000
0000001101111000000000000000
0000001111110000000000000000
0000000011000000000000000000
0000000000000000000000000000
0000000000000000000000000000
0000000000000000000000000000
0000000000000000000000000000
0000000000000000000000000000
0000000000000000000000000000
0000000000000000000000000000
0000000000000000000000000000
