0000000000000000000000000000
0000000000000000000000000000
0000000000000000000000000000
0000000000000000000000000000
0000000000000000000000000000
0000000000000000000000000000
0000000011100000000000000000
0000001111111000000000000000
0000011111111100000000000000
0000011100011100000000000000
0000111000001100000000000000
0000011000001100000000000000
0000000000011100000000000000
0000000011111000000000000000
0000000011111100000000000000
0000000000011110000000000000
0000000000001110000000000000
0000111000001110000000000000
0000111000001110000000000000
0000111000011110000000000000
0000011111111100000000000000
0000001111111000000000000000
0000000000000000000000000000
0000000000000000000000000000
0000000000000000000000000000
0000000000000000000000000000
0000000000000000000000000000
0000000000000000000000000000
