0000000000000000000000000000
0000000000000000000000000000
0000000000000000000000000000
0000000000000000000000000000
0000000000000000000000000000
0000000000000000000000000000
0000000000000000000000000000
0000000000000000000000000000
0000000111000000000000000000
0000111111110000000000000000
0000011001110000000000000000
0000000000111000000000000000
0000000000111000000000000000
0000000000110000000000000000
0000000001110000000000000000
0000001111100000000000000000
0000001111110000000000000000
0000000001111000000000000000
0000000000111000000000000000
0000000000111000000000000000
0000000000111000000000000000
0000000000111000000000000000
0000010001111000000000000000
0000111111110000000000000000
0000011111000000000000000000
0000000000000000000000000000
0000000000000000000000000000
0000000000000000000000000000
