0000000000000000000000000000
0000000000000000000000000000
0000000000000000000000000000
0000000000000000000000000000
0000000000000000000000000000
0000000000000000000000000000
0000000000000000000000000000
0000000000000000000000000000
0000000000001111110000000000
0000000000011111111110000000
0000000000011111111110000000
0000000000000000001110000000
0000000000000000001110000000
0000000000000000011110000000
0000000000000011111110000000
0000000000001111111100000000
0000000000001111111110000000
0000000000000000011110000000
0000000000000000001111000000
0000000000000000001111000000
0000000000000000001111000000
0000000000000000011111000000
0000000000111111111110000000
0000000000111111111100000000
0000000000000000000000000000
0000000000000000000000000000
0000000000000000000000000000
0000000000000000000000000000
