0000000000000000000000000000
0000000000000000000000000000
0000000000000000000000000000
0000000000000000000000000000
0000000000000000000000000000
0000000000000000000000000000
0000000000000000000000000000
0000000000000000000000000000
0000000000000000000000000000
0000000000011000000000000000
0000000001111110000000000000
0000000001111111000000000000
0000000000100111000000000000
0000000000001111000000000000
0000000000001110000000000000
0000000000001111000000000000
0000000000000011100000000000
0000000000000011100000000000
0000000001100011100000000000
0000000001111111000000000000
0000000001111110000000000000
0000000000000000000000000000
0000000000000000000000000000
0000000000000000000000000000
0000000000000000000000000000
0000000000000000000000000000
0000000000000000000000000000
0000000000000000000000000000
