0000000000000000000000000000
0000000000000000000000000000
0000000000000000000000000000
0000000000000000001000000000
0000000000000001111111000000
0000000000000011110111100000
0000000000000011100001110000
0000000000000111000001110000
0000000000000111000001110000
0000000000000000000001110000
0000000000000000000111100000
0000000000000000011111100000
0000000000000000001111110000
0000000000000000000001110000
0000000000000000000000111000
0000000000000110000000111000
0000000000000110000000110000
0000000000000111000001110000
0000000000000011111111110000
0000000000000001111111100000
0000000000000000000000000000
0000000000000000000000000000
0000000000000000000000000000
0000000000000000000000000000
0000000000000000000000000000
0000000000000000000000000000
0000000000000000000000000000
0000000000000000000000000000
