0000000000000000000000000000
0000000000000000000000000000
0000000000000000000000000000
0000000000000000000000000000
0000000000000000000000000000
0000000000000000000000000000
0000000000000000000000000000
0000000000000000000000000000
0000000000000001111000000000
0000000000000011111100000000
0000000000000111111110000000
0000000000000111001110000000
0000000000000110001110000000
0000000000000000011100000000
0000000000000000011100000000
0000000000000000111100000000
0000000000000000111100000000
0000000000000000011100000000
0000000000000000001110000000
0000000000000000001110000000
0000000000000110001110000000
0000000000000111001110000000
0000000000000111111100000000
0000000000000111111100000000
0000000000000011111000000000
0000000000000000000000000000
0000000000000000000000000000
0000000000000000000000000000
