0000000000000000000000000000
0000000000000000000000000000
0000000000000000000000000000
0000000000000000000000000000
0000000111111000000000000000
0000011111111110000000000000
0000001111111110000000000000
0000000000001111000000000000
0000000000000111000000000000
0000000000111110000000000000
0000000011111110000000000000
0000000011111110000000000000
0000000000001111000000000000
0000000000000111000000000000
0000000000000111000000000000
0000001000001111000000000000
0000011111111110000000000000
0000011111111100000000000000
0000000000000000000000000000
0000000000000000000000000000
0000000000000000000000000000
0000000000000000000000000000
0000000000000000000000000000
0000000000000000000000000000
0000000000000000000000000000
0000000000000000000000000000
0000000000000000000000000000
0000000000000000000000000000
