0000000000000000000000000000
0000000000000000000000000000
0000000000000000000000000000
0000000000000000000000000000
0000000000000000000000000000
0000000000000001111111000000
0000000000000001111111111000
0000000000000001111111111000
0000000000000000000001111000
0000000000000000000001111000
0000000000000000000001111000
0000000000000000000011111000
0000000000000000011111111000
0000000000000000111111110000
0000000000000000111111110000
0000000000000000111111111000
0000000000000000000011111000
0000000000000000000001111100
0000000000000000000001111100
0000000000000000000000111100
0000000000000000000001111100
0000000000000001000011111000
0000000000000011111111111000
0000000000000111111111110000
0000000000000011111111110000
0000000000000000000000000000
0000000000000000000000000000
0000000000000000000000000000
