0000000000000000000000000000
0000000000000000000000000000
0000000000000000000000000000
0000000000000000000000000000
0000000000000000000000000000
0000000000000000000000000000
0000000000000000000000000000
0000000000011111000000000000
0000000001111111110000000000
0000000011110011110000000000
0000000011100000111000000000
0000000011000000111000000000
0000000000000000111000000000
0000000000000001110000000000
0000000000001111100000000000
0000000000001111110000000000
0000000000000001111000000000
0000000000000000111000000000
0000000000000000011100000000
0000000000000000011100000000
0000000010000000011100000000
0000000111000000111000000000
0000000011100001111000000000
0000000011111111110000000000
0000000000111111100000000000
0000000000001110000000000000
0000000000000000000000000000
0000000000000000000000000000
