0000000000000000000000000000
0000000000000000000000000000
0000000000000000000000000000
0000000000000000000000000000
0000000000000000000000000000
0000000000000000000000000000
0000000000000000000000000000
0000000000000000000000000000
0000000000000000000000000000
0000000000000000000000000000
0000000000000000000000000000
0000000000000011111000000000
0000000000000111111110000000
0000000000000111111110000000
0000000000001110000111000000
0000000000001110000111000000
0000000000001100000111000000
0000000000000000000111000000
0000000000000000000110000000
0000000000000000111110000000
0000000000000000111110000000
0000000000000000111110000000
0000000000000000001111000000
0000000000000000000111000000
0000000000000000000011100000
0000000000000000000011100000
0000000000000000000011100000
0000000000001100000011100000
