0000000000000000000000000000
0000000000000000000000000000
0000000000000000000000000000
0000000000000000000000000000
0000000000000000000000000000
0000000000000000000000000000
0000000000000011111110000000
0000000000000111111111110000
0000000000000111111111110000
0000000000000000000011110000
0000000000000000000011110000
0000000000000000000011110000
0000000000000000000011110000
0000000000000000000111110000
0000000000000000111111110000
0000000000000001111111100000
0000000000000011111111100000
0000000000000011111111110000
0000000000000000000111110000
0000000000000000000011111000
0000000000000000000011111000
0000000000000000000001111000
0000000000000000000001111000
0000000000000000000011111000
0000000000000100000111110000
0000000000001111111111110000
0000000000001111111111110000
0000000000001111111111000000
