0000000000000000000000000000
0000000000000000000000000000
0000000000000000000000000000
0000000000000000110000000000
0000000000000111111111000000
0000000000001111111111100000
0000000000011110000011110000
0000000000011100000011110000
0000000000011000000011110000
0000000000000000000011100000
0000000000000000111111100000
0000000000000000111111100000
0000000000000000000111110000
0000000000000000000001110000
0000000000011000000001110000
0000000000111100000001111000
0000000000011100000011110000
0000000000011111011111110000
0000000000001111111111000000
0000000000000011111100000000
0000000000000000000000000000
0000000000000000000000000000
0000000000000000000000000000
0000000000000000000000000000
0000000000000000000000000000
0000000000000000000000000000
0000000000000000000000000000
0000000000000000000000000000
