0000000000000000000000000000
0000000000000000000000000000
0000000000000000000000000000
0000000000000000000000000000
0000000000000000000000000000
0000000000000000000000000000
0000000000000000000000000000
0000000000000000000000000000
0000000000000000000000000000
0000000000000000000000000000
0000000000000000011000000000
0000000000000001111110000000
0000000000000011111111000000
0000000000000011110111100000
0000000000000111000011100000
0000000000000111000001100000
0000000000000110000001100000
0000000000000010000011100000
0000000000000000000111100000
0000000000000000011111000000
0000000000000000011111100000
0000000000000000001111100000
0000000000000000000011110000
0000000000000000000001110000
0000000000000110000001110000
0000000000000110000001110000
0000000000000110000001110000
0000000000000111000011110000
