0000000000000000000000000000
0000000000000000000000000000
0000000000000000000000000000
0000000000000000000000000000
0000000000000000000000000000
0000000000000000000000000000
0000000000000000000000000000
0000000000000001110000000000
0000000000000111111000000000
0000000000000110011100000000
0000000000000000011100000000
0000000000000000111000000000
0000000000000000111000000000
0000000000000000011100000000
0000000000000000001110000000
0000000000000110001110000000
0000000000000111011100000000
0000000000000111111100000000
0000000000000001000000000000
0000000000000000000000000000
0000000000000000000000000000
0000000000000000000000000000
0000000000000000000000000000
0000000000000000000000000000
0000000000000000000000000000
0000000000000000000000000000
0000000000000000000000000000
0000000000000000000000000000
