0000000000000000000000000000
0000000000000000000000000000
0000000000000000000000000000
0000000000000000000000000000
0000000000000000000000000000
0000000000000000000000000000
0000000000110000000000000000
0000000011111100000000000000
0000000011001110000000000000
0000000000000110000000000000
0000000000001110000000000000
0000000000111100000000000000
0000000000111100000000000000
0000000000001110000000000000
0000000000000110000000000000
0000000010000110000000000000
0000000011001110000000000000
0000000011111100000000000000
0000000000000000000000000000
0000000000000000000000000000
0000000000000000000000000000
0000000000000000000000000000
0000000000000000000000000000
0000000000000000000000000000
0000000000000000000000000000
0000000000000000000000000000
0000000000000000000000000000
0000000000000000000000000000
