0000000000000000000000000000
0000000000000000000000000000
0000000000000000000000000000
0000000000000000000000000000
0000000000000000000000000000
0000000000000000000000000000
0000000000000000000000000000
0000000000000000000000000000
0000000000000011111100000000
0000000000001111111111000000
0000000000001110000111100000
0000000000000000000011100000
0000000000000000000011100000
0000000000000000001111000000
0000000000000000111100000000
0000000000000000111111000000
0000000000000000000011100000
0000000000000000000011100000
0000000000000000000011100000
0000000000000000000011100000
0000000000001111111111000000
0000000000001111111110000000
0000000000000000000000000000
0000000000000000000000000000
0000000000000000000000000000
0000000000000000000000000000
0000000000000000000000000000
0000000000000000000000000000
