0000000000000000000000000000
0000000000000000000000000000
0000000000000000000000000000
0000000000000000000000000000
0000000000000000000000000000
0000000011110000000000000000
0000001111111110000000000000
0000000101001111000000000000
0000000000000111000000000000
0000000000000111000000000000
0000000001111110000000000000
0000000011111110000000000000
0000000000011111000000000000
0000000000000111000000000000
0000000000000111000000000000
0000000000000111000000000000
0000011111111111000000000000
0000001111111100000000000000
0000000000000000000000000000
0000000000000000000000000000
0000000000000000000000000000
0000000000000000000000000000
0000000000000000000000000000
0000000000000000000000000000
0000000000000000000000000000
0000000000000000000000000000
0000000000000000000000000000
0000000000000000000000000000
