0000000000000000000000000000
0000000000000000000000000000
0000000000000000000000000000
0000000000000000000000000000
0000000000000000000000000000
0000000000000000000000000000
0000000000000000000000000000
0000000000000000000000000000
0000000000000000011000000000
0000000000000011111111100000
0000000000000111111111110000
0000000000001111100111110000
0000000000001111000001111000
0000000000001110000001111000
0000000000001110000001111000
0000000000000000000001110000
0000000000000000001111110000
0000000000000000011111100000
0000000000000000011111110000
0000000000000000000011111000
0000000000000000000001111000
0000000000000000000000111000
0000000000011100000000111000
0000000000011110000000111000
0000000000001110000001111000
0000000000001111100111111000
0000000000000111111111110000
0000000000000011111111000000
