0000000000000000000000000000
0000000000000000000000000000
0000000000000000000000000000
0000000000000000000000000000
0000000000000000000000000000
0000000000000000000000000000
0000000000001111000000000000
0000000000011111110000000000
0000000000111000111000000000
0000000000110000011000000000
0000000000000000011000000000
0000000000000001111000000000
0000000000000001111000000000
0000000000000001111000000000
0000000000000000111000000000
0000000000000000011100000000
0000000000000000011100000000
0000000000110000011100000000
0000000000111000111100000000
0000000000011111110000000000
0000000000000110100000000000
0010000000000000000000000000
0000000000000000000000000000
0010000000000000000000000000
0010000000000000000000000000
0011000000000000000000000000
0000000000000000000000000000
0000000000000000000000000000
