0000000000000000000000000000
0000000000000000000000000000
0000000000000000000000000100
0000000000000000000000000100
0000000000000000000000000100
0000000000111111000000000100
0000000001100111100000000100
0000000001100011100000000100
0000000001000001110000000100
0000000000000001100000000100
0000000000000011100000000100
0000000000000111100000000100
0000000000000111110000000100
0000000000000011110000000100
0000000000000001110000000100
0000000000000001110000000100
0000000011000001110000000100
0000000011110011110000000100
0000000001111111100000000100
0000000000111110000000000100
0000000000000000000000000100
0000000000000000000000000100
0000000000000000000000000100
0000000000000000000000001100
0011111111111111111111111100
0011111111111111111111111100
0000000000000000000000000000
0000000000000000000000000000
