0000000000000000000000000000
0000000000000000000000000000
0000000000000000000000000000
0000000000000000000000000000
0001000000000000000000000000
0000000000000000000000000000
0000000000000000000000000000
0000000000000000000000000000
0000000000001110000000000000
0000000000111111100000000000
0000000000110011100000000000
0000000000110001100000000000
0000000000010111100000000000
0000000000001111000000000000
0000000000000011100000000000
0000000000110011100000000000
0000000000110011100000000000
0000000000111111100000000000
0000000000011111000000000000
0000000000001000000000000000
0000000000000000000000000000
0000000000000000000000000000
0000000000000000000000000000
0000000000000000000000000000
0000000000000000000000100000
0000000000100000000000000000
0000000000000000000000000000
0000000000000000000000000000
