0000000000000000000000000000
0000000000000000000000000000
0010000000000000000000000100
0000000000000000000000000100
0000000000000000000000000100
0000000000011111111000000100
0000000000111111111000000100
0000000001111111111100000100
0000000001111111111100000100
0000000001111111111100000100
0000000001111001111100000100
0000000001111111111100000100
0000000000000111111100000100
0000000000001111111100000100
0000000000000111111100000100
0000000000000001111110000100
0000000011111001111110000100
0000000011111001111110000100
0000000011111111111100000100
0000000001111111111100000100
0000000000111111111000000100
0000000000011111110000000100
0000000000000011000000000100
0000000000000000000000000100
0010000000000000000000000100
0011111111111111111111111100
0000000000000000000000000000
0000000000000000000000000000
