0000000000000000000000000000
0000000000000000000000000000
0000000000000000000000000100
0000000000000000000000000100
0000000000000000000000000100
0000000000000000000000000100
0000000000000000000000000100
0000000001111110000000000100
0000000001111111000000000100
0000000001111111100000000100
0000000000111111100000000100
0000000000011111100000000100
0000000000111111100000000100
0000000000111111100000000100
0000000000111111100000000100
0000000000011111100000000100
0000000000011111100000000100
0000000001111111100000000100
0000000001111111100000000100
0000000001111111000000000100
0000000000111110000000000100
0000000000000000000000000100
0000000000000000000000000100
0000000000000000000000000100
0000000000000000000000000100
0000000000000111111001111100
0000000000000000000000000000
0000000000000000000000000000
