0000000000000000000000000000
0000000000000000000000000000
0000000000000000000000011000
0000000000000000000100111000
0011111111111111111111111000
0000000000000000000000110000
0000000000000000000000110000
0000000000000000000000110000
0000000000000000000001110000
0000000000000000000001110000
0000001111000000000001100000
0000111111110000000001100000
0000111111111000000001100000
0001110000111000000011100000
0001100000110000000011000000
0001000000110000000011000000
0000000011100000000011000000
0000001111000000000011000000
0000001111110000000011000000
0000000000110000000011000000
0000000000110000000011000000
0011000000110000000011000000
0011100000110000000011000000
0001111011110000000011000000
0000111111000000000011000000
0000000000000000000011000000
0000000000000000000000000000
0000000000000000000000000000
