0000000000000000000000000000
0000000000000000000000000000
0010000000000000000000000000
0010000000000000000000000000
0010000000000000000000000000
0010000000000001000000000000
0010000000001111111000000000
0010000000011111111100000000
0010000000011000001110000000
0010000000011000001110000000
0010000000111000001110000000
0010000000000000001110000000
0010000000000011111100000000
0010000000000011111100000000
0010000000000000011110000000
0010000000000000000110000000
0010000000110000000111000000
0010000000111000000111000000
0010000000111000000110000000
0010000000011100001110000000
0010000000011111111100000000
0010000000000111111000000000
0010000000000000000000000000
0010000000000000000000000000
0010000000000000000000000000
0010000000000000000000000000
0000000000000000000000000000
0000000000000000000000000000
