0000000000000000000000000000
0000000000000000000000000000
0010000000000000000000000100
0000000000000000000000000100
0000000000000000000000000000
0000000000011111000000000000
0000000001111111100000000000
0000000001111111110000000000
0000000011111111111000000000
0000000011111011111000000000
0000000001100011110000000000
0000000000001111110000000000
0000000000001111110000000000
0000000000001111110000000000
0000000000000111111000000000
0000000000000001111000000000
0000000011100001111000000000
0000000011100001111000000000
0000000011111111111000000100
0000000001111111110000000100
0000000001111111100000000000
0000000000011100000000000000
0000000000000000000000000000
0000000000000000000000000000
0000000000000000000000000100
0011111111111111111111111100
0000000000000000000000000000
0000000000000000000000000000
