0000000000000000000000000000
0000000000000000000000000000
0000000000000000000000000100
0000000000000000000000000100
0000000000000000000000000100
0000000000000000000000000100
0000000000011111100000000100
0000000000111111110000000100
0000000001111111110000000100
0000000011111111111000000100
0000000011110001111000000100
0000000011100011111000000100
0000000000000111111000000100
0000000000001111111000000100
0000000000001111111000000100
0000000000000111111000000100
0000000000000001111000000100
0000000011100001111000000100
0000000011100001111000000100
0000000011111111111000000100
0000000011111111110000000100
0000000000111111100000000100
0000000000010110000000000100
0000000000000000000000000100
0000000000000000000000000100
0010000000000000000000001100
0000000000000000000000000000
0000000000000000000000000000
