0000000000000000000000000000
0000000000000000000000000000
0011111111111111111111111100
0001110000000000000000000000
0001110000000000000000000000
0001110000000000000000000000
0001110000000000000000000000
0001110000000000000000000000
0001110000000000000000000000
0001110000000001111111000000
0001110000000011111111100000
0001110000000111100011100000
0001110000000111000001110000
0001110000000111000001110000
0001110000000000000001110000
0001110000000000000111100000
0001110000000000011111000000
0001110000000000011111100000
0001110000000000000001110000
0001110000000000000000110000
0001110000000110000000110000
0001110000000111000000110000
0001110000000111000001110000
0001110000000011111111100000
0001100000000011111111000000
0001100000000000111100000000
0000000000000000000000000000
0000000000000000000000000000
