0000000000000000000000000000
0000000000000000000000000000
0000000000000000000000000000
0000000000000000000000000000
0000000000000011000000000000
0000000000011111110000000000
0000000000111101111000000000
0000000000111000011100000000
0000000000110000011100000000
0000000000000000011100000000
0000000000000000111000000000
0000000000000011111000000000
0000000000000111111000000000
0000000000000000011100000000
0000000000000000001110000000
0000000000000000001110000000
0000000000110000001110000000
0000000001110000001110000000
0000000000111000011100000000
0000000000111111111100000000
0000000000011111110000000000
0000000000000010000000000000
0000000000000000000000000000
0000000000000000000000000000
0000000000000000000000000000
0000000000000000000000000000
0000000000000000000000000000
0000000000000000000000000000
