0000000000000000000000000000
0000000000000000000000000000
0011111111111111111111111100
0000000000000000000000000000
0000000000000000000000000000
0000000000000000000000000100
0000000000000000000000000100
0000000000000000000000000100
0000000000000000000000000100
0000000000111111000000000100
0000000001111111100000000100
0000000011100111100000000100
0000000011000001110000000100
0000000011000001110000000100
0000000010000001100000000100
0000000000000111100000000100
0000000000011111000000000100
0000000000011111100000000100
0000000000000011110000000100
0000000000000001110000000100
0000000111000001110000000100
0000000111000001110000000100
0000000111100011100000000100
0000000011111111100000000100
0000000001111111000000000100
0000000000010000000000000100
0000000000000000000000000000
0000000000000000000000000000
