0000000000000000000000000000
0000000000000000000000000000
0000000000000000000000000000
0000000000000000000000000000
0000000000000000000000000000
0000000000000000000000000000
0000000000000000000000000000
0000000000000110000000000000
0000000000001111100000000000
0000000000011001100000000000
0000000000010000100000000000
0000000000000001100000000000
0000000000000111000000000000
0000000000000001100000000000
0000000000000000110000000000
0000000000010000110000000000
0000000000011001110000000000
0000000000001111100000000000
0000000000000000000000000000
0000000000000000000000000000
0000000000000000000000000000
0000000000000000000000000000
0000000000000000000000000000
0000000000000000000000000000
0000000000000000000000000000
0011111111111111111111111100
0000000000000000000000000000
0000000000000000000000000000
