0000000000000000000000000000
0000000000000000000000000000
0000000000000000000000000000
0000000000000000000000000000
0000000000000000000000000000
0000000000000000000000000000
0000000000000000000000000000
0000000000000010000000000000
0000000000001111100000000000
0010000000001100110000000000
0000000000011000110000000000
0000000000000000110000000000
0000000000000011110000000000
0000001000000011110000000000
0000000000000000110000000000
0000000000011000011000000000
0000000000011000110000000000
0000000000001111110000000000
0000000000000111000000000000
0000000000000000000000000000
0000000000000000000000000000
0000000000000000000000000000
0000000000000000000000000000
0000000000000000000000000000
0000000000000000000000000000
0000010110000000000000000000
0000000000000000000000000000
0000000000000000000000000000
