0000000000000000000000000000
0000000000000000000000000000
0000000000000000000000000000
0000000000000000000000000000
0000000000000000000000000000
0000000000111111100000000000
0000000001111111110000000000
0000000001100001110000000000
0000000011100000111000000000
0000000011000000111000000000
0000000000000000110000000000
0000000000000011110000000000
0000000000001111100000000000
0000000000001111110000000000
0000000000000000111000000000
0000000000000000111000000000
0000000011000000011000000000
0000000011000000111000000000
0000000011100000111000000000
0000000011111111110000000000
0000000001111111100000000000
0000000000011110000000000000
0000000000000000000000000000
0000000000000000000000000000
0000000000000000000000000000
0000000000000000000000000000
0000000000000000000000000000
0000000000000000000000000000
