0000000000000000000000000000
0000000000000000000000000000
0000000000000000000000000000
0000000000000000000000000000
0000000000000010000000000000
0000000000011111110000000000
0000000000011111111000000000
0000000000111100111000000000
0000000000111000111100000000
0000000000000000111100000000
0000000000000011111000000000
0000000000000011111000000000
0000000000000011111000000000
0000000000000000111100000000
0000000000000000011100000000
0000000000110000011100000000
0000000000110000011100000000
0000000000111111111100000000
0000000000111111111000000000
0000000000011111110000000000
0000000000000000000000000000
0000000000000000000000000000
0000000000000000000000000000
0010000000000111111111111100
0011111111111111111111111100
0011111111111111111111111100
0000000000000000000000000000
0000000000000000000000000000
