0000000000000000000000000000
0000000000000000000000000000
0010000000000000000000000000
0010000000000000000000000000
0010000000000000000000000000
0010000000001111000000000000
0010000000011111110000000000
0010000000111111111000000000
0010000000111000111000000000
0010000000000000111000000000
0010000000000000111000000000
0010000000000001111000000000
0010000000000011111000000000
0010000000000001111000000000
0010000000000000011000000000
0010000000000000011100000000
0010000000100000011100000000
0010000000111000111000000000
0010000000111111111000000000
0010000000011111110000000000
0010000000000000000000000000
0010000000000000000000000000
0010000000000000000000000000
0011000000000000000000000000
0011111111111111111111111100
0011111111111111111111111100
0000000000000000000000000000
0000000000000000000000000000
