0000000000000000000000000000
0000000000000000000000000000
0011111111111111111111111100
0011111111111111111111111100
0010000000110000011111111100
0010000000000000000000001100
0010000000001111100001101100
0010000000111111111110000100
0010000000111111111111000100
0010000001111111111100000100
0010000001111111111110000100
0010000011111111111110000100
0010000001111011111110000000
0010000001111111111100000000
0010000000001111111100000000
0010000000001111111110000000
0010000000001111111110000000
0010000000001111111111000000
0010000011111001111110000000
0010000011111101111110000000
0010000011111111111110000000
0010000001111111111110000000
0010000001111111111100000000
0010000000111111111000000000
0010000000000011000000000000
0010000000000000000000000000
0000000000000000000000000000
0000000000000000000000000000
