0000000000000000000000000000
0000000000000000000000000000
0010000000000000000000000000
0010000000000000000000000000
0010000000000000000000000000
0010000000000000000000000000
0010000000000111000000000000
0010000000011111110000000000
0010000000111111111000000000
0010000001111101111000000000
0010000000110000111000000000
0010000000000000111000000000
0010000000000001111000000000
0010000000000011111000000000
0010000000000011111000000000
0010000000000001111100000000
0010000000000000111100000000
0010000000100000111100000000
0010000001110000111100000000
0010000001111101111000000000
0010000000111111111000000000
0010000000011111110000000000
0010000000000000000000000000
0010000000000000000000000000
0010000000000000000000000000
0010000000000000000000000000
0000000000000000000000000000
0000000000000000000000000000
