0000000000000000000000000000
0000000000000000000000000000
0010011000100000000000000000
0000000000000000000000000000
0000000000000000000000000000
0000000000000000000000000000
0000000000000000000000000000
0000000000000011000000000000
0000000000001111110000000000
0000000000011111111000000000
0000000000011100111000000000
0000000000011000111000000000
0000000000000000111000000000
0000000000000011110000000000
0000000000000011111000000000
0000000000000000111100000000
0000000000011000011100000000
0000000000011100011100000000
0000000000011111111000000000
0000000000001111111000000000
0000000000000011100000000000
0000000000000000000000000000
0000000000000000000000000000
0000000000000000000000000000
0000000000000000000000000000
0000000000000000000000000000
0000000000000000000000000000
0000000000000000000000000000
