0000000000000000000000000000
0000000000000000000000000000
0000000000000000000000000000
0000000000000000000000000000
0000000000000000000000000000
0000000010000000000000000000
0001000000000000000000000000
0000000001111111100000000000
0000000011111111110000000000
0000000011111111110000000000
0000100111100001111000000000
0001000111100001111000000000
0010010111000001111000000000
0001100000000011110000000000
0000100000011111100000000000
0010100000011111110000000000
0001100000000011111000000000
0011001000000000111000000000
0011001111000000111000000000
0010110111000000111000000000
0010000111100001111000000000
0001100011111111110000000000
0000100001111111100000000000
0000000000111111000000000000
0000000000000000000010000000
0000000000000000000010000000
0000000000000000000000000000
0000000000000000000000000000
