0000000000000000000000000000
0000000000000000000000000000
0000000000000000000000000000
0000000000000000001000000000
0000000000000000000000000000
0000000000000000000000000000
0000000000011111100000000000
0000000001111111110000000000
0000000001111111111000000000
0000000011110000111000000000
0000000011100000111000000000
0000000011100000111000000000
0000000000000001111000000000
0000000000001111110000000000
0010000000001111111000000000
0000000000000011111100000000
0000000000000000011100000000
0000000011100000011100000000
0000000011100000011100000000
0000000011110000011100000000
0000000001111101111000000000
0000000000111111111000000000
0000000000011111100000000000
0000000000000000000000000000
0000000000000000000000000000
0000000000000000000000100000
0000000000000000000000000000
0000000000000000000000000000
