0000000000000000000000000000
0000000000000000000000000000
0011111111111111111111111100
0000000000000000000000000100
0000000000000000000000000100
0000000000000000000000000100
0000000000001111000000000100
0000000000011111110000000100
0000000000111111111000000100
0000000000111111111000000100
0000000001111001111000000100
0000000000110001111000000100
0000000000000011111000000100
0000000000000111111000000100
0000000000000111111000000100
0000000000000011111100000100
0000000000000000111100000100
0000000000100000111100000100
0000000001110000111100000100
0000000001111111111100000100
0000000000111111111000000100
0000000000111111110000000100
0000000000001110000000000100
0000000000000000000000000100
0000000000000000000000000100
0000000000000000000000000100
0000000000000000000000000000
0000000000000000000000000000
