0000000000000000000000000000
0000000000000000000000000000
0010000000000001100000000000
0010000000000111111000000000
0010000000000111111100000000
0010000000001110011100000000
0010000000001110001100000000
0010000000000000011100000000
0010000000000001111000000000
0010000000000001111100000000
0010000000000000011100000000
0010000000001100001110000000
0010000000001110001110000000
0010000000001111111100000000
0010000000000111111000000000
0010000000000011110000000000
0010000000000000000000000000
0010000000000000000000000000
0010000000000000000000000000
0010000000000000000000000000
0010000000000000000000000000
0010000000000000000000000000
0010000000000000000000000000
0010000000000000000000000000
0011111111111111111111111100
0010000000000111111111111100
0000000000000000000000000000
0000000000000000000000000000
