0000000000000000000000000000
0000000000000000000000000000
0011111111111111111111111100
0000000000000000000000000000
0000000000000000000000000000
0000000000000000000000000000
0000000000000000000000000000
0000000000000000000000000000
0000000000000110000000000000
0000000000011111110000000000
0000000000111111111000000000
0000000000110000111000000000
0000000000110000011000000000
0000000000110000011000000000
0000000000000000111000000000
0000000000000111110000000000
0000000000000011111000000000
0000000000000000011000000000
0000000000100000011100000000
0000000000110000001100000000
0000000000110000011000000000
0000000000111101111000000000
0000000000011111110000000000
0000000000000000000000000000
0000000000000000000000000000
0000000000000000000000000000
0000000000000000000000000000
0000000000000000000000000000
