0000000000000000000000000000
0000000000000000000000000000
0000000000000000000000000100
0000000000000000000000000100
0000000000000000000000000100
0000000000000000000000000100
0000000000111110000000000100
0000000001111111000000000100
0000000011110111100000000100
0000000011100011100000000100
0000000011000011100000000100
0000000000000011100000000100
0000000000011111000000000100
0000000000001111100000000100
0000000000000011100000000100
0000000010000001100000000100
0000000011000001100000000100
0000000011000011100000000100
0000000011111111100000000100
0000000001111111000000000100
0000000000000000000000000100
0000000000000000000000000100
0000000000000000000000000100
0000000000000000000000000100
0000000000000000000000000100
0000000000000000000000000100
0000000000000000000000000000
0000000000000000000000000000
