0000000000000000000000000000
0000000000000000000000000000
0011000111110111111111111100
0011000000000000000000000000
0011000000000000000000000000
0010000000000000000000000000
0010000000000111110000000000
0010000000011111111100000000
0010000000011111111100000000
0010000000111110111110000000
0010000000111100011110000000
0010000000011000111110000000
0010000000000001111100000000
0010000000000001111100000000
0010000000000001111100000000
0010000000000000111110000000
0010000000000000011110000000
0010000000111000001110000000
0010000000111000011110000000
0010000000111111111110000000
0010000000011111111100000000
0010000000001111111000000000
0010000000000000000000000000
0010000000000000000000000000
0010000000000000000000000000
0011000000000000000000000000
0000000000000000000000000000
0000000000000000000000000000
