0000000000000000000000000000
0000000000000000000000000000
0000000000000000000000000100
0000000000000000000000000100
0000000000000000000000000100
0000000000000000000000000100
0000000000000000000000000100
0000000000000000000000000100
0000000001111000000000000100
0000000011001100000000000100
0000000010000100000000000100
0000000000000100000000000100
0000000000111000000000000100
0000000000001100000000000100
0000000000000110000000000100
0000000010000110000000000100
0000000011000100000000000100
0000000001111100000000000100
0000000000000000000000000100
0000000000000000000000000100
0000000000000000000000000100
0000000000000000000000000100
0000000000000000000000000100
0000000000000000000000000000
0000000000000000000000000000
0000111111111111111111111100
0000000000000000000000000000
0000000000000000000000000000
