0000000000000000000000000000
0000000000000000000000000000
0011111111111111111111111100
0011111111111111111111111100
0010000000000000001110111100
0010000000000000000111110100
0010000000011111111001010100
0010000000111111111101000100
0010000011111111111111000100
0010000011111111111111000100
0010000011111111111110000100
0010000011111111111110000100
0010000011111111111110000100
0010000000111111111110000100
0010000000001111111100000100
0010000000001111111110000100
0010000000001111111110000100
0010000000110011111110000100
0010000011111001111110000100
0010000011111111111110000100
0010000011111111111110000100
0010000001111111111100000100
0010000000111111111000000100
0010000000011111110000000000
0010000000000000000000000000
0010000000000000000000100100
0000000000000000000000000000
0000000000000000000000000000
