0000000000000000000000000000
0000000000000000000000000000
0010000000000000000000000000
0010000000000000000000000000
0010000000000000000000000000
0010000000000111110000000000
0010000000001111111000000000
0010000000011111111100000000
0010000000011100011100000000
0010000000011000011110000000
0010000000000000011100000000
0010000000000001111100000000
0010000000000001111100000000
0010000000000000111100000000
0010000000000000011110000000
0010000000000000001110000000
0010000000011000001110000000
0010000000011100011110000000
0010000000011111111100000000
0010000000011111111000000000
0010000000000111110000000000
0010000000000000000000000000
0010000000000000000000000000
0010000000000000000000000000
0011111111111111111111111100
0011111111111111111111111100
0000000000000000000000000000
0000000000000000000000000000
