0000000000000000000000000000
0000000000000000000000000000
0000000000000000000000000000
0000000000000000000000000000
0000000000000000000000000000
0000000000011111000000000000
0000000000111111110000000000
0000000001111111110000000000
0000000001110001111000000000
0000000001110001111000000000
0000000000000011111000000000
0000000000000111111000000000
0000000000000111111000000000
0000000000000111111000000000
0000000000000011111000000000
0000000000000000111100000000
0000000001100000111000000000
0000000001110001111000000000
0000000001111111110000000000
0000000000111111100000000000
0000000000011111000000000000
0000000000000000000000000000
0000000000000000000000000000
0000000000000000000000000000
0010000000000000000000000100
0011111111111111111111111100
0000000000000000000000000000
0000000000000000000000000000
