0000000000000000000000000000
0000000000000000000000000000
0000000000000000000000000000
0000000000000000000000000000
0000000000000000000000000000
0000000000000010000000000000
0000000000001111110000000000
0000000000011111110000000000
0000000000011000111000000000
0000000000111000111000000000
0000000000000001110000000000
0000000000000111110000000000
0000000000000011111000000000
0000000000000000111000000000
0000000000111000111000000000
0000000000111000111000000000
0000000000011111111000000000
0000000000011111110000000000
0000000000000010000000000000
0000000000000000000000000000
0000000000000000000000000000
0000000000000000000000000000
0000000000000000000000000000
0000000000000000000000000000
0000000000000000000000000000
0000000000000000000000000000
0000000000000000000000000000
0000000000000000000000000000
