0000000000000000000000000000
0000000000000000000000000000
0000000000000000000000000000
0000000000000000000000000000
0000000000000000000000000000
0000000000000000000000000000
0000000000111111000000000000
0000000001111111100000000000
0000000011100001110000000000
0000000011000001110000000000
0000000011000001110000000000
0000000000000001100000000000
0000000000001111100000000000
0000000000001111100000000000
0000000000000011110000000000
0000000000000000110000000000
0000000000000000111000000000
0000000111000000110000000000
0000000011000000110000000000
0000000011100001110000000000
0000000001111111100000000000
0000000000111111000000000000
0000000000000000000000000000
0000000000000000000000000000
0000000000000000000000000000
0000000000000000000000000000
0000000000000000000000000000
0000000000000000000000000000
