0000000000000000000000000000
0000000000000000000000000000
0000000000000000000000000000
0000000000000000000000000000
0000000000001111000000000000
0000000000111111100000000000
0000000001111111110000000000
0000000001110001110000000000
0000000001100001110000000000
0000000000000001110000000000
0000000000000011110000000000
0000000000000111110000000000
0000000000000011110000000000
0000000000000001111000000000
0000000000000000111000000000
0000000001100000111000000000
0000000011110001111000000000
0000000001111111110000000000
0000000000111111100000000000
0000000000001111000000000000
0000000000000000000000000000
0000000000000000000000000000
0000000000000000000000000000
0011111110100000001111101100
0011111111111111111111111100
0011111111111111111111111100
0000000000000000000000000000
0000000000000000000000000000
