0000000000000000000000000000
0000000000000000000000000000
0010000000000000000000001100
0010000000000000000000001100
0010000000000000000000000100
0010000000011111110000000100
0010000000111111111000000100
0000000001111111111100000100
0010000001111111111100000100
0010000001111001111110000100
0010000001110001111100000100
0010000000000111111100000100
0010000000000111111100000100
0010000000000111111100000100
0000000000000011111110000100
0000000001100001111110000100
0000000011110000111110000100
0000000011111000111110000100
0000000001111111111110000100
0010000001111111111100000100
0010000000111111111000000100
0010000000000111110000000100
0010000000000000000000000100
0010000000000000000000000100
0011000000000001110000111100
0011111111111111111111111100
0000000000000000000000000000
0000000000000000000000000000
