0000000000000000000000000000
0000000000000000000000000000
0000000000000000000000000000
0000000000000000000000000000
0000000000000000000000000000
0000000000000000000000000000
0000000000001000000000000000
0000000000111111000000000000
0000000001111111100000000000
0000000011100011100000000000
0000000011000001100000000000
0000000000000001100000000000
0000000000000001100000000000
0000000000001111000000000000
0000000000011111000000000000
0000000000010111100000000000
0000000000000001110000000000
0000000000000000110000000000
0000000000000000110000000000
0000000011000000110000000000
0000000011000001110000000000
0000000011111111100000000000
0000000001111111000000000000
0000000000011100000000000000
0000000000000000000000000000
0000000000000000000000000000
0000000000000000000000000000
0000000000000000000000000000
