0000000000000000000000000000
0000000000000000000000000000
0010000000000000000000000000
0010000000000000000000000000
0010000000000000000000000000
0010000000000000000000000000
0010000000000111111000000000
0010000000011111111100000000
0010000000011100011100000000
0010000000011000011100000000
0010000000000000011100000000
0010000000000000111100000000
0010000000000000111100000000
0010000000000000111100000000
0010000000000000011110000000
0010000000000000001110000000
0010000000010000001110000000
0010000000011000001110000000
0010000000011110011110000000
0010000000001111111100000000
0010000000000111110000000000
0010000000000000000000000000
0010000000000000000000000000
0010000000000000000000000000
0010000000000000000000000000
0011101111110000000000000000
0000000000000000000000000000
0000000000000000000000000000
