0000000000000000000000000000
0000000000000000000000000000
0000000000000000000000000000
0000000000000000000000000000
0000000000000000000000000000
0000000000000000000000000000
0000000000000000000000000000
0000000000000000000000000000
0000000000000000000000000000
0000000000000000000000000000
0000000000000000000000000000
0000000000000000000000000000
0000000000000000000000000000
0000000000000000111000000000
0000000000000001111100000000
0000000000000011111100000000
0000000000000111111100000000
0000000000001110111100000000
0000000000011110111100000000
0000000000111000111100000000
0000000001111000111100000000
0000000001111111111111000000
0000000001111111111111000000
0000000000000000111100000000
0000000000000000011100000000
0000000000000000111100000000
0000000000000000010000000000
0000000000000000000000000000
