0000000000000000000000000000
0000000000000000000000000000
0000000000000000000000000000
0000000000000000000000000000
0000000001110000000000000000
0000000001110000000000000000
0000000011110000000000000000
0000000011110000000000000000
0000000011110000000000000000
0000000110110000000000000000
0000000110110000000000000000
0000001100110000000000000000
0000001100110000000000000000
0000001100111000000000000000
0000011111111100000000000000
0000001111111100000000000000
0000000000111000000000000000
0000000000110000000000000000
0000000000110000000000000000
0000000000000000000000000000
0000000000000000000000000000
0000000000000000000000000000
0000000000000000000000000000
0000000000000000000000000000
0000000000000000000000000000
0000000000000000000000000000
0000000000000000000000000000
0000000000000000000000000000
