0000000000000000000000000000
0000000000000000000000000000
0000000000000000000000000000
0000000000000000000000000000
0000000000000000000000000000
0000000000000000000000000000
0000000000000000000000000000
0000000000000000000000000000
0000000000000000000100000000
0000000000000000001110000000
0000000000000000011110000000
0000000000000000111110000000
0000000000000001111110000000
0000000000000011100110000000
0000000000000011000110000000
0000000000000111000110000000
0000000000001110001110000000
0000000000001111111111100000
0000000000001111111111100000
0000000000000000001110000000
0000000000000000000110000000
0000000000000000000110000000
0000000000000000000110000000
0000000000000000000000000000
0000000000000000000000000000
0000000000000000000000000000
0000000000000000000000000000
0000000000000000000000000000
