0000000000000000000000000000
0000000000000000000000000000
0000000000000000000000000000
0000000000000000000000000000
0000000000000000000000000000
0000000000000000000000000000
0000000000000000000000000000
0000000000000000000000000000
0000000000000000000000000000
0000000000000000000000000000
0000000000000000000000000000
0000000000000000000000000000
0000000000000000000000000000
0000000000000000000000000000
0000000011000000000000000000
0000000111100000000000000000
0000011111100000000000000000
0000011111100000000000000000
0000111011100000000000000000
0001110011100000000000000000
0111100011100000000000000000
0111000011100000000000000000
1111000011100000000000000000
1111111111111000000000000000
1111111111111000000000000000
0000000011100000000000000000
0000000011100000000000000000
0000000011100000000000000000
