0000000000000000000000000000
0000000000000000000000000000
0000000000000000000000000000
0000000000000000000000000000
0000000000000000000000000000
0000000000000000000000000000
0000000000000000000000000000
0000000000000000000000000000
0000000000000000000000000000
0000000000000000000000000000
0000000000000000000000000000
0000000000000000000000000000
0000000000000000001000000000
0000000000000000011000000000
0000000000000000111000000000
0000000000000000101000000000
0000000000000001001000000000
0000000000000010001000000000
0000000000000110001000000000
0000000000000111111100000000
0000000000000001111000000000
0000000000000000001000000000
0000000000000000001000000000
0000000000000000000000000000
0000000000000000000000000000
0000000000000000000000000000
0000000000000000000000000000
0000000000000000000000000000
