0000000000000000000000000000
0000000000000000000000000000
0000000000000000000000000000
0000000000000000000000000000
0000000000000000000000000000
0000000000000000000000000000
0000000000000000000000000000
0000000000000000000000000000
0000000000000000000000000000
0000000000000110000000000000
0000000000001110000000000000
0000000000011110000000000000
0000000000111110000000000000
0000000000111110000000000000
0000000001110110000000000000
0000000011100110000000000000
0000000111000110000000000000
0000000111111111100000000000
0000000111111111100000000000
0000000000000110000000000000
0000000000000110000000000000
0000000000000110000000000000
0000000000000010000000000000
0000000000000000000000000000
0000000000000000000000000000
0000000000000000000000000000
0000000000000000000000000000
0000000000000000000000000000
