0000000000000000000000000000
0000000000000000000000000000
0000000000000000000000000000
0000000000000000000000000000
0000000000000000000000000000
0000000000000000000000000000
0000000000000000000000000000
0000000000000000000000000000
0000000000000000000000000000
0000000000000000000000000000
0000000000011000000000000000
0000000000111000000000000000
0000000001111000000000000000
0000000001111000000000000000
0000000011111000000000000000
0000000111111000000000000000
0000001110111000000000000000
0000001110011000000000000000
0000011100011000000000000000
0000111000111000000000000000
0000110000111000000000000000
0001110000011000000000000000
0011111111111110000000000000
0011111111111111000000000000
0001111111111110000000000000
0000000000011000000000000000
0000000000011000000000000000
0000000000011000000000000000
