0000000000000000000000000000
0000000000000000000000000000
0000000000000000000000000000
0000000000000000000000000000
0000000000000000000000000000
0000000000000000000000000000
0000000000000111100000000000
0000000000001111100000000000
0000000000001111100000000000
0000000000011111100000000000
0000000000011111100000000000
0000000000011111100000000000
0000000000111111100000000000
0000000000111111100000000000
0000000001110111100000000000
0000000001110111100000000000
0000000001100111100000000000
0000000001111111111000000000
0000000001111111111000000000
0000000001111111111000000000
0000000000000111100000000000
0000000000000111100000000000
0000000000000111100000000000
0000000000000000000000000000
0000000000000000000000000000
0000000000000000000000000000
0000000000000000000000000000
0000000000000000000000000000
