0000000000000000000000000000
0000000000000000000000000000
0000000000000000000000000000
0000000000000000000000000000
0000000000000000000000000000
0000000000000000000000000000
0000000000000000000000000000
0000000000000000000000000000
0000000000000000000000000000
0000000000000000000000000000
0000000000000000000000000000
0000000000000000000000000000
0000000000000000000000000000
0000000000000000000000000000
0000000000000000000000000000
0000000000000000000111000000
0000000000000000000111000000
0000000000000000001111000000
0000000000000000011111000000
0000000000000000110111000000
0000000000000000100111000000
0000000000000001000111000000
0000000000000011000111000000
0000000000000010000111000000
0000000000000111111111100000
0000000000000111111111100000
0000000000000000000111000000
0000000000000000000111000000
