0000000000000000000000000000
0000000000000000000000000000
0000000000000000000000000000
0000000000000000000000000000
0000000000000000000000000000
0000000000000110000000000000
0000000000000111000000000000
0000000000001111000000000000
0000000000011111000000000000
0000000000010111000000000000
0000000000110111000000000000
0000000000100111000000000000
0000000001100111000000000000
0000000001000111000000000000
0000000011111111100000000000
0000000011111111110000000000
0000000000000111000000000000
0000000000000111000000000000
0000000000001111100000000000
0000000000001111100000000000
0000000000000000000000000000
0000000000000000000000000000
0000000000000000000000000000
0000000000000000000000000000
0000000000000000000000000000
0000000000000000000000000000
0000000000000000000000000000
0000000000000000000000000000
