0000000000000000000000000000
0000000000000000000000000000
0000000000000000000000000000
0000000000000000000000000000
0000000000000000000000000000
0000000000000000000000000000
0000000000000000000000000000
0000000000000000000000000000
0000000000000110000000000000
0000000000000110000000000000
0000000000001110000000000000
0000000000001110000000000000
0000000000011110000000000000
0000000000011110000000000000
0000000000110110000000000000
0000000001100110000000000000
0000000001100110000000000000
0000000011000110000000000000
0000000011000110000000000000
0000000011111111100000000000
0000000011111111100000000000
0000000000000111000000000000
0000000000000110000000000000
0000000000000110000000000000
0000000000000110000000000000
0000000000000000000000000000
0000000000000000000000000000
0000000000000000000000000000
