0000000000000000000000000000
0000000000000000000000000000
0000000000000000000000000000
0000000000000000000000000000
0000000000000000000000000000
0000000000000011000000000000
0000000000000111100000000000
0000000000001111100000000000
0000000000011111100000000000
0000000000111111100000000000
0000000000111011100000000000
0000000001110011100000000000
0000000011100011100000000000
0000000011100011100000000000
0000000111000011100000000000
0000001110000011100000000000
0000001111111111111000000000
0000001111111111111000000000
0000000111111111111000000000
0000000000000011100000000000
0000000000000011100000000000
0000000000000011100000000000
0000000000000011100000000000
0000000000000011000000000000
0000000000000000000000000000
0000000000000000000000000000
0000000000000000000000000000
0000000000000000000000000000
