0000000000000000000000000000
0000000000000000000000000000
0000000000000000000000000000
0000000000000000000000000000
0000000000000000000000000000
0000000000000011000000000000
0000000000000111000000000000
0000000000000111000000000000
0000000000001111000000000000
0000000000011111000000000000
0000000000011011000000000000
0000000000110011000000000000
0000000001100011000000000000
0000000011100011000000000000
0000000011111111100000000000
0000000011111111110000000000
0000000000000111000000000000
0000000000000011000000000000
0000000000000011000000000000
0000000000000010000000000000
0000000000000000000000000000
0000000000000000000000000000
0000000000000000000000000000
0000000000000000000000000000
0000000000000000000000000000
0000000000000000000000000000
0000000000000000000000000000
0000000000000000000000000000
