0000000000000000000000000000
0000000000000010000000000000
0000000000000111000000000000
0000000000001111000000000000
0000000000011111000000000000
0000000000111111000000000000
0000000001111111000000000000
0000000001110111000000000000
0000000011100111000000000000
0000000111000111000000000000
0000001110000111000000000000
0000011100000111000000000000
0000011111111111110000000000
0000011111111111111000000000
0000001111111111110000000000
0000000000000111000000000000
0000000000000111000000000000
0000000000000111000000000000
0000000000000111000000000000
0000000000000000000000000000
0000000000000000000000000000
0000000000000000000000000000
0000000000000000000000000000
0000000000000000000000000000
0000000000000000000000000000
0000000000000000000000000000
0000000000000000000000000000
0000000000000000000000000000
