0000000000000000000000000000
0000000000000000000000000000
0000000000000000000000000000
0000000000000000000000000000
0000000000000000000000000000
0000000000000000000000000000
0000000000000000000000000000
0000000000000000000000000000
0000000000000001110000000000
0000000000000011110000000000
0000000000000011110000000000
0000000000000111110000000000
0000000000001111110000000000
0000000000001111110000000000
0000000000011101110000000000
0000000000111001110000000000
0000000000111001110000000000
0000000001110001110000000000
0000000011100001110000000000
0000000011100001110000000000
0000000111111111111100000000
0000000111111111111110000000
0000000011111111111100000000
0000000000000001111000000000
0000000000000001110000000000
0000000000000001110000000000
0000000000000001110000000000
0000000000000001110000000000
