0000000000000000000000000000
0000000000000000000000000000
0000000000000000000000000000
0000000000000000000000000000
0000000000000000000000000000
0000000000110000000000000000
0000000001111000000000000000
0000000011111000000000000000
0000000111111000000000000000
0000000111111000000000000000
0000001110111000000000000000
0000011100111000000000000000
0000011000111000000000000000
0000111111111110000000000000
0000111111111110000000000000
0000000000111000000000000000
0000000000111000000000000000
0000000000010000000000000000
0000000000000000000000000000
0000000000000000000000000000
0000000000000000000000000000
0000000000000000000000000000
0000000000000000000000000000
0000000000000000000000000000
0000000000000000000000000000
0000000000000000000000000000
0000000000000000000000000000
0000000000000000000000000000
