0000000000000000000000000000
0000000000000000000000000000
0000000000000000000000000000
0000000000000000000000000000
0000000000000000000000000000
0000000000000000000000000000
0000000000000000000000000000
0000000000000000000000000000
0000000000000000000000000000
0000000000000000000000000000
0000000000000000000011100000
0000000000000000000111100000
0000000000000000000111100000
0000000000000000001111100000
0000000000000000001111100000
0000000000000000011101100000
0000000000000000111001100000
0000000000000000110001100000
0000000000000001110001100000
0000000000000011100001100000
0000000000000011100011100000
0000000000000011111111111000
0000000000000011111111111000
0000000000000000000011100000
0000000000000000000011100000
0000000000000000000011100000
0000000000000000000011100000
0000000000000000000001100000
