0000000000000000000000000000
0000000000000000000000000000
0000000000000000000000000000
0000000000000000000000000000
0000000000000000000000000000
0000000000000000000000000000
0000000000000000000000000000
0000000000000000000000000000
0000000000000000000000000000
0000000000000000000000000000
0000000000000000000000000000
0000000000000000000000000000
0000000000000000000000000000
0000000000000000000000000110
0000000000000000000000001110
0000000000000000000000011110
0000000000000000000000111110
0000000000000000000000101110
0000000000000000000001001110
0000000000000000000010001110
0000000000000000000100001110
0000000000000000001100001110
0000000000000000001111111111
0000000000000000001000001111
0000000000000000000000001110
0000000000000000000000001110
0000000000000000000000000000
0000000000000000000000000000
