0000000000000000000000000000
0000000000000000000000000000
0000000000000000000000000000
0000000000000000000000000000
0000000000000000000000000000
0000011100000000000000000000
0000111110000000000000000000
0001111110000000000000000000
0011111110000000000000000000
0011111110000000000000000000
0111111110000000000000000000
1111111110000000000000000000
1110111110000000000000000000
1100111110000000000000000000
1111111111000000000000000000
1111111111100000000000000000
1111111111100000000000000000
0000111110000000000000000000
0000111110000000000000000000
0000011100000000000000000000
0000000000000000000000000000
0000000000000000000000000000
0000000000000000000000000000
0000000000000000000000000000
0000000000000000000000000000
0000000000000000000000000000
0000000000000000000000000000
0000000000000000000000000000
