0000000000000000000000000000
0000000000000000000000000000
0000000000000000000000000000
0000000000000000000000000000
0000000000000000000000000000
0000000000000000000000000000
0000000000000000000000000000
0000000000000000000000000000
0000000000000000000000000000
0000000000000000000000000000
0000000000000000000000000000
0000000000000000000000000000
0000000000000000000001100000
0000000000000000000011100000
0000000000000000000011100000
0000000000000000000111100000
0000000000000000001101100000
0000000000000000001101100000
0000000000000000011001100000
0000000000000000011001100000
0000000000000000110001100000
0000000000000001111111111000
0000000000000000111111111000
0000000000000000010011110000
0000000000000000000001100000
0000000000000000000001100000
0000000000000000000001100000
0000000000000000000000000000
