0000000000000000000000000000
0000000000000000000000000000
0000000000000000000000000000
0000000000000000000000000000
0000000000000000000000000000
0000000000000000000000000000
0000000000000000000000000000
0000000000000000000000000000
0000000000000000000000000000
0000000000000000000000000000
0000000000000000000000000000
0000000000000000000000000000
0000000000000000000000000000
0000000000000000000000000000
0000000000000000000000000000
0000000000000000011000000000
0000000000000000011000000000
0000000000000000111000000000
0000000000000000111000000000
0000000000000001101000000000
0000000000000001001000000000
0000000000000001011100000000
0000000000000011111110000000
0000000000000000001000000000
0000000000000000001000000000
0000000000000000011100000000
0000000000000000011100000000
0000000000000000000000000000
