0000000000000000000000000000
0000000000000000000000000000
0000000000000000000000000000
0000000000000000000000000000
0000000000000000000000000000
0000000000000000000000000000
0000000000000000000000000000
0000000000000000000000000000
0000000000000000000000000000
0000000000000000000000000000
0000000000000000000000000000
0000000000000000000000000000
0000000000000000000000000000
0000000011000000000000000000
0000000111100000000000000000
0000000111100000000000000000
0000001111100000000000000000
0000001111100000000000000000
0000011111100000000000000000
0000011011100000000000000000
0000111011100000000000000000
0000110011100000000000000000
0000110011100000000000000000
0001111111110000000000000000
0001111111110000000000000000
0000010111110000000000000000
0000000011100000000000000000
0000000011100000000000000000
