0000000000000000000000000000
0000000000000000000000000000
0000000000000000000000000000
0000000000000000111111000000
0000000000000000111111000000
0000000000000001111111000000
0000000000000011111111000000
0000000000000011111111000000
0000000000000111001111000000
0000000000000111001111000000
0000000000001110001111000000
0000000000011110001111000000
0000000000011111111111111000
0000000000011111111111111000
0000000000000000011111100000
0000000000000000001111000000
0000000000000000001111000000
0000000000000000000000000000
0000000000000000000000000000
0000000000000000000000000000
0000000000000000000000000000
0000000000000000000000000000
0000000000000000000000000000
0000000000000000000000000000
0000000000000000000000000000
0000000000000000000000000000
0000000000000000000000000000
0000000000000000000000000000
