0000000000000000000000000000
0000000000000000000000000000
0000000000000000000000000000
0000000000000000000000000000
0000000000000000000000000000
0000000000000000000000000000
0000000000000000000000000000
0000000011111000000000000000
0000000011111000000000000000
0000000111111000000000000000
0000001111111000000000000000
0000001101111000000000000000
0000011101111000000000000000
0000111001111000000000000000
0000111001111000000000000000
0000111111111110000000000000
0000111111111110000000000000
0000000001111000000000000000
0000000001111000000000000000
0000000001111000000000000000
0000000000000000000000000000
0000000000000000000000000000
0000000000000000000000000000
0000000000000000000000000000
0000000000000000000000000000
0000000000000000000000000000
0000000000000000000000000000
0000000000000000000000000000
