0000000000000000000000000000
0000000000000000000000000000
0000000000000000000000000000
0000000000000000000000000000
0000000000000000000000000000
0000000000000000000000000000
0000000000000000000000000000
0000000000000010000000000000
0000000000000110000000000000
0000000000000110000000000000
0000000000001010000000000000
0000000000011010000000000000
0000000000110010000000000000
0000000000100010000000000000
0000000001100010000000000000
0000000011111111000000000000
0000000011111111100000000000
0000000000000011000000000000
0000000000000010000000000000
0000000000000010000000000000
0000000000000010000000000000
0000000000000000000000000000
0000000000000000000000000000
0000000000000000000000000000
0000000000000000000000000000
0000000000000000000000000000
0000000000000000000000000000
0000000000000000000000000000
