0000000000000000000000000000
0000000000000000000000000000
0000000000000000000000000000
0000000000000000000000000000
0000000000000000000000000000
0000000000000000000000000000
0000000000000000000000000000
0000000000001100000000000000
0000000000011100000000000000
0000000000111100000000000000
0000000001111100000000000000
0000000011111100000000000000
0000000011001100000000000000
0000000110001100000000000000
0000001110001100000000000000
0000011100001100000000000000
0000011000001100000000000000
0000011111111111000000000000
0000011111111111000000000000
0000000000011100000000000000
0000000000001100000000000000
0000000000001100000000000000
0000000000001100000000000000
0000000000001100000000000000
0000000000000000000000000000
0000000000000000000000000000
0000000000000000000000000000
0000000000000000000000000000
