0000000000000000000000000000
0000000000000000000000000000
0000000000000000000000000000
0000000000000000000000000000
0000000000000000000000000000
0000000000000000000000000000
0000000000000000000000000000
0000000000000000000000000000
0000000000000000000000000000
0000000000000000000010000000
0000000000000000000111000000
0000000000000000001111000000
0000000000000000001111000000
0000000000000000011111000000
0000000000000000110011000000
0000000000000001110011000000
0000000000000011100011000000
0000000000000011000011000000
0000000000000111111111100000
0000000000000011111111110000
0000000000000000000111000000
0000000000000000000011000000
0000000000000000000011000000
0000000000000000000011000000
0000000000000000000000000000
0000000000000000000000000000
0000000000000000000000000000
0000000000000000000000000000
