0000000000000000000000000000
0000000000000000000000000000
0000000000000000000000000000
0000000000000000000000100000
0000000000000000000001110000
0000000000000000000011110000
0000000000000000000111110000
0000000000000000000111110000
0000000000000000001101110000
0000000000000000011101110000
0000000000000000111001110000
0000000000000000110001110000
0000000000000001110111110000
0000000000000001111111111100
0000000000000000111111111000
0000000000000000000001110000
0000000000000000000001110000
0000000000000000000001110000
0000000000000000000000000000
0000000000000000000000000000
0000000000000000000000000000
0000000000000000000000000000
0000000000000000000000000000
0000000000000000000000000000
0000000000000000000000000000
0000000000000000000000000000
0000000000000000000000000000
0000000000000000000000000000
