0000000000000000000000000000
0000000000000000000000000000
0000000000000000000000000000
0000000000000000000000000000
0000000000000000000000000000
0000000000000000000000000000
0000000000000000000000000000
0000000000000000000000000000
0000000000000000000000000000
0000000000000000000000000000
0000000000000000000000000000
0000000000011100000000000000
0000000000111100000000000000
0000000001111100000000000000
0000000011111100000000000000
0000000011101100000000000000
0000000111011100000000000000
0000001110011100000000000000
0000011100011100000000000000
0000111100011100000000000000
0000111111111111000000000000
0000111111111111000000000000
0000000000011100000000000000
0000000000011100000000000000
0000000000011100000000000000
0000000000001100000000000000
0000000000000000000000000000
0000000000000000000000000000
