0000000000000000000000000000
0000000000000000000000000000
0000000000000000000000000000
0000000000000000000111000000
0000000000000000001111000000
0000000000000000011111000000
0000000000000000011111000000
0000000000000000111111000000
0000000000000001110111000000
0000000000000001100111000000
0000000000000011100111000000
0000000000000111000111000000
0000000000000110000111000000
0000000000001111111111100000
0000000000001111111111110000
0000000000000010111111000000
0000000000000000000111000000
0000000000000000000111000000
0000000000000000000111000000
0000000000000000000000000000
0000000000000000000000000000
0000000000000000000000000000
0000000000000000000000000000
0000000000000000000000000000
0000000000000000000000000000
0000000000000000000000000000
0000000000000000000000000000
0000000000000000000000000000
