0000000000000000000000000000
0000000000000000000000000000
0000000000000000000000000000
0000000000000000000000000000
0000000000000000000000000000
0000000000000000000000000000
0000000000000000000000000000
0000000000000000000000000000
0000000000000000000000000000
0000000000000000001110000000
0000000000000000011110000000
0000000000000000011110000000
0000000000000000111110000000
0000000000000001111110000000
0000000000000001101110000000
0000000000000001001110000000
0000000000000011001110000000
0000000000000010001110000000
0000000000000110001110000000
0000000000000111111111100000
0000000000000111111111100000
0000000000000000011110000000
0000000000000000001110000000
0000000000000000011110000000
0000000000000000111111000000
0000000000000000111111000000
0000000000000000000000000000
0000000000000000000000000000
