0000000000000000000000000000
0000000000000000000000000000
0000000000000000000000000000
0000000000000000000000000000
0000000000000000000000000000
0000000011100000000000000000
0000000111100000000000000000
0000001111100000000000000000
0000011111100000000000000000
0000111111100000000000000000
0000110011100000000000000000
0001110011100000000000000000
0011100011100000000000000000
0111000011110000000000000000
0111111111111000000000000000
0000000111110000000000000000
0000000011100000000000000000
0000000011100000000000000000
0000000000000000000000000000
0000000000000000000000000000
0000000000000000000000000000
0000000000000000000000000000
0000000000000000000000000000
0000000000000000000000000000
0000000000000000000000000000
0000000000000000000000000000
0000000000000000000000000000
0000000000000000000000000000
