0000000000000000000000000000
0000000000000000000000000000
0000000000000000000000000000
0000000000000000000000000000
0000000000000000000000000000
0000000000000000000000000000
0000000000000000000000000000
0000000000000000000000000000
0000000000000000000000000000
0000000000000000000000000000
0000000000000110000000000000
0000000000000110000000000000
0000000000001110000000000000
0000000000011110000000000000
0000000000010110000000000000
0000000000100110000000000000
0000000000100110000000000000
0000000001000110000000000000
0000000010000110000000000000
0000000010000110000000000000
0000000111111111000000000000
0000000111111111100000000000
0000000111111111000000000000
0000000000000110000000000000
0000000000000110000000000000
0000000000000110000000000000
0000000000000000000000000000
0000000000000000000000000000
