0000000000000000000000000000
0000000000000000000000000000
0000000000000000000000000000
0000000000000000000000000000
0000000000000000000000000000
0000000000000000000000000000
0000000000000000000000000000
0000000000000000000000000000
0000000000000000000000000000
0000000000000000000000000000
0000000000000000000000000000
0000000000001100000000000000
0000000000011110000000000000
0000000000011110000000000000
0000000000111110000000000000
0000000001111110000000000000
0000000001101110000000000000
0000000011001110000000000000
0000000011001110000000000000
0000000111111111000000000000
0000000011111111000000000000
0000000000001110000000000000
0000000000001110000000000000
0000000000000100000000000000
0000000000000000000000000000
0000000000000000000000000000
0000000000000000000000000000
0000000000000000000000000000
