0000000000000000000000000000
0000000000000000000000000000
0000000000000000000000000000
0000000000000000001000000000
0000000000000000011100000000
0000000000000000011100000000
0000000000000000111100000000
0000000000000000111100000000
0000000000000001111100000000
0000000000000001001100000000
0000000000000010001100000000
0000000000000110011100000000
0000000000000100011100000000
0000000000001111111110000000
0000000000001111111110000000
0000000000000111111100000000
0000000000000000001100000000
0000000000000000011100000000
0000000000000000011100000000
0000000000000000000000000000
0000000000000000000000000000
0000000000000000000000000000
0000000000000000000000000000
0000000000000000000000000000
0000000000000000000000000000
0000000000000000000000000000
0000000000000000000000000000
0000000000000000000000000000
