0000000000000000000000000000
0000000000000000000000000000
0000000000000000000000000000
0000000000000000000000000000
0000000000000000000000000000
0000000000000000000000000000
0000000000000000000000000000
0000000000000000000000000000
0000000000000000000000000000
0000000000000000000000000000
0000000000000000000000000000
0000000000000000000000000000
0000000000001000000000000000
0000000000011100000000000000
0000000000111100000000000000
0000000000111100000000000000
0000000001111100000000000000
0000000011101100000000000000
0000000111001100000000000000
0000000111011100000000000000
0000001111111110000000000000
0000000111111110000000000000
0000000000001100000000000000
0000000000001100000000000000
0000000000001100000000000000
0000000000000000000000000000
0000000000000000000000000000
0000000000000000000000000000
