0000000000000000000000000000
0000000000000000000000000000
0000000000000000000000000000
0000000000000000000000000000
0000000000000000000000000000
0000000000000000000000000000
0000000000000000000000000000
0000000000000000000000000000
0000000000000000000000000000
0000000000001110000000000000
0000000000011110000000000000
0000000000011110000000000000
0000000000111110000000000000
0000000000111110000000000000
0000000001111110000000000000
0000000011101110000000000000
0000000011001110000000000000
0000000111001110000000000000
0000000110001110000000000000
0000001110001110000000000000
0000001111111111000000000000
0000001111111111000000000000
0000000111111110000000000000
0000000000001110000000000000
0000000000001110000000000000
0000000000001110000000000000
0000000000000110000000000000
0000000000000000000000000000
