0000000000000000000000000000
0000000000000000000000000000
0000000000000000000000000000
0000000000000000000000000000
0000000000000000000000000000
0000000000000000000000000000
0000000000000000000000000000
0000000000000000000000000000
0000000000110000000000000000
0000000001110000000000000000
0000000001110000000000000000
0000000011110000000000000000
0000000111110000000000000000
0000000110110000000000000000
0000001100110000000000000000
0000011100110000000000000000
0000111000110000000000000000
0000110000110000000000000000
0001110000110000000000000000
0011111111111100000000000000
0011111111111110000000000000
0001111111111110000000000000
0000000000110000000000000000
0000000000110000000000000000
0000000000110000000000000000
0000000000110000000000000000
0000000000000000000000000000
0000000000000000000000000000
