0000000000000000000000000000
0000000000000000000000000000
0000000000000000000000000000
0000000000000000000000000000
0000000000000000000000000000
0000000000000000000000000000
0000000000011100000000000000
0000000000111110000000000000
0000000000111110000000000000
0000000001111110000000000000
0000000001111110000000000000
0000000011111110000000000000
0000000011011110000000000000
0000000011011110000000000000
0000000111011110000000000000
0000000110011110000000000000
0000000110011110000000000000
0000000110011110000000000000
0000001111111111000000000000
0000000111111111000000000000
0000000000011110000000000000
0000000000011110000000000000
0000000000011110000000000000
0000000000011110000000000000
0000000000000000000000000000
0000000000000000000000000000
0000000000000000000000000000
0000000000000000000000000000
