0000000000000000000000000000
0000000000000000000000000000
0000000000000000000000000000
0000000000000000000000000000
0000000000000000000000000000
0000000000000000000000000000
0000000000000000000000000000
0000000000000011000000000000
0000000000000111100000000000
0000000000001111100000000000
0000000000001111100000000000
0000000000011111100000000000
0000000000011111100000000000
0000000000111011100000000000
0000000001110011100000000000
0000000001100011100000000000
0000000011100011100000000000
0000000011111111110000000000
0000000001111111110000000000
0000000000000011100000000000
0000000000000011100000000000
0000000000000011000000000000
0000000000000000000000000000
0000000000000000000000000000
0000000000000000000000000000
0000000000000000000000000000
0000000000000000000000000000
0000000000000000000000000000
