0000000000000000000000000000
0000000000000000000000000000
0000000000000000000000000000
0000000000000000000000000000
0000000000000000000000000000
0000000000000000000000000000
0000000000000000000000000000
0000000000000000000000000000
0000001100000000000000000000
0000011110000000000000000000
0000111110000000000000000000
0000111110000000000000000000
0001111110000000000000000000
0011111110000000000000000000
0011011110000000000000000000
0111001110000000000000000000
0111011110000000000000000000
1111111111100000000000000000
0111111111100000000000000000
0000011110000000000000000000
0000001110000000000000000000
0000001100000000000000000000
0000000000000000000000000000
0000000000000000000000000000
0000000000000000000000000000
0000000000000000000000000000
0000000000000000000000000000
0000000000000000000000000000
