0000000000000000000000000000
0000000000000000000000000000
0000000000000000000000000000
0000000000000000000000000000
0000000000000000000000000000
0000000000000000000000000000
0000000000000000000000000000
0000000000000000000000000000
0000000000001110000000000000
0000000000001110000000000000
0000000000011110000000000000
0000000000011110000000000000
0000000000011110000000000000
0000000000111110000000000000
0000000000110110000000000000
0000000001100110000000000000
0000000001100110000000000000
0000000011100110000000000000
0000000011111111000000000000
0000000011111111100000000000
0000000001111111000000000000
0000000000000110000000000000
0000000000000110000000000000
0000000000000110000000000000
0000000000000000000000000000
0000000000000000000000000000
0000000000000000000000000000
0000000000000000000000000000
