0000000000000000000000000000
0000000000000000000000000000
0000000000000000000000000000
0000000000000000000000000000
0000000000000000000000000000
0000000000000000000000000000
0000000000000000000000000000
0000000000000000000000000000
0000000000000000000000000000
0000000000000000000000000000
0000000000001100000000000000
0000000000011100000000000000
0000000000111100000000000000
0000000000111100000000000000
0000000001011100000000000000
0000000001011100000000000000
0000000010011100000000000000
0000000010011100000000000000
0000000110011100000000000000
0000000100011100000000000000
0000000111111110000000000000
0000001111111111000000000000
0000000000011100000000000000
0000000000011100000000000000
0000000000011100000000000000
0000000001111111000000000000
0000000000000000000000000000
0000000000000000000000000000
