0000000000000000000000000000
0000000000000000000000000000
0000000000000000000000000000
0000000000000000000000000000
0000000000000000000000000000
0000000000000000000000000000
0000000000000000000000000000
0000000000000000000000000000
0000000000000000000000000000
0000000000000000000000000000
0000000000011000000000000000
0000000000111000000000000000
0000000001111100000000000000
0000000011111100000000000000
0000000111111100000000000000
0000001110011000000000000000
0000011100011000000000000000
0000111000011000000000000000
0000111000111100000000000000
0001111111111111000000000000
0000111111111111000000000000
0000000000111100000000000000
0000000000011000000000000000
0000000000011000000000000000
0000000000000000000000000000
0000000000000000000000000000
0000000000000000000000000000
0000000000000000000000000000
