0000000011000000000000000000
0000000111100000000000000000
0000001111100000000000000000
0000001111100000000000000000
0000011111100000000000000000
0000111111100000000000000000
0000111111100000000000000000
0001111111100000000000000000
0001110111100000000000000000
0011100111100000000000000000
0011100111100000000000000000
0111100111100000000000000000
0111111111111000000000000000
0111111111111000000000000000
0111111111111000000000000000
0000000111100000000000000000
0000000111100000000000000000
0000000111100000000000000000
0000000011100000000000000000
0000000000000000000000000000
0000000000000000000000000000
0000000000000000000000000000
0000000000000000000000000000
0000000000000000000000000000
0000000000000000000000000000
0000000000000000000000000000
0000000000000000000000000000
0000000000000000000000000000
