0000000000000000000000000000
0000000000000000000000000000
0000000000000000000000000000
0000000000000000000000000000
0000000000000110000000000000
0000000000001110000000000000
0000000000011110000000000000
0000000000011110000000000000
0000000000101110000000000000
0000000001101110000000000000
0000000001001110000000000000
0000000011001110000000000000
0000000011001110000000000000
0000000011001111000000000000
0000000011111111100000000000
0000000011111111100000000000
0000000000001110000000000000
0000000000001110000000000000
0000000000011111000000000000
0000000000011111000000000000
0000000000000000000000000000
0000000000000000000000000000
0000000000000000000000000000
0000000000000000000000000000
0000000000000000000000000000
0000000000000000000000000000
0000000000000000000000000000
0000000000000000000000000000
