0000000000000000000000000000
0000000000000000000000000000
0000000000000000000000000000
0000000000000000000000000000
0000000000000000000000000000
0000000000000000000000000000
0000000000000000000000000000
0000000000000000000000000000
0000000000000000000000000000
0000000000000000000000000000
0000000000000000000000000000
0000000000000000000000000000
0000000000000011100000000000
0000000000000011100000000000
0000000000000111100000000000
0000000000001111100000000000
0000000000001011100000000000
0000000000011011100000000000
0000000000010011100000000000
0000000000110011100000000000
0000000000111111111000000000
0000000000111111110000000000
0000000000000011100000000000
0000000000000011100000000000
0000000000000111111000000000
0000000000000000000000000000
0000000000000000000000000000
0000000000000000000000000000
