0000000000000000000000000000
0000000000000000000000000000
0000000000000000000000000000
0000000000000000000000000000
0000000000000000000000000000
0000000000000000000000000000
0000000000000000000000000000
0000000000000000000000000000
0000000000000000000000000000
0000000000000000000000000000
0000000000000000000000000000
0000000000000000000000000000
0000000000000000000000000000
0000000000000000000000000000
0000000000000000000000000000
0000000100000000000000000000
0000011100000000000000000000
0000111110000000000000000000
0001111110000000000000000000
0001101110000000000000000000
0011101110000000000000000000
0111001100000000000000000000
1111111111100000000000000000
1111111111100000000000000000
0000001110000000000000000000
0000001110000000000000000000
0000000100000000000000000000
0000000000000000000000000000
