0000000000000000000000000000
0000000000000000000000000000
0000000000000000000000000000
0000000000000000000000000000
0000000000000000000000000000
0000000000000000000000000000
0000000000000000000000000000
0000000000000111000000000000
0000000000001111000000000000
0000000000011111000000000000
0000000000011111000000000000
0000000000111011000000000000
0000000001110011000000000000
0000000011100011000000000000
0000000111100011000000000000
0000000111000011100000000000
0000001111111111110000000000
0000001111111111111000000000
0000000111111111110000000000
0000000000000011000000000000
0000000000000011100000000000
0000000000000011000000000000
0000000000000000000000000000
0000000000000000000000000000
0000000000000000000000000000
0000000000000000000000000000
0000000000000000000000000000
0000000000000000000000000000
