0000000000000000000000000000
0000000000000000000000000000
0000000000000000000000000000
0000000000000000000000000000
0000000000000000000000000000
0000000000000000000000000000
0000000000000000000000000000
0000000000000000000000000000
0000000000000000000000000000
0000000000000000000000000000
0000000000000000000000000000
0000000011110000000000000000
0000000011110000000000000000
0000000111110000000000000000
0000001111110000000000000000
0000001111110000000000000000
0000011101110000000000000000
0000011101110000000000000000
0000111001110000000000000000
0000111001110000000000000000
0000111111111100000000000000
0000111111111100000000000000
0000000001110000000000000000
0000000001110000000000000000
0000000001110000000000000000
0000000000000000000000000000
0000000000000000000000000000
0000000000000000000000000000
