0000000000000000000000000000
0000000000000000000000000000
0000000000000000000000000000
0000000000000000000000000000
0000000000000000000000000000
0000000000000000000000000000
0000000000000000000000000000
0000000001100000000000000000
0000000011100000000000000000
0000000111100000000000000000
0000000111100000000000000000
0000001111100000000000000000
0000011101100000000000000000
0000111001100000000000000000
0001110001100000000000000000
0001111111111000000000000000
0000111111111000000000000000
0000000001100000000000000000
0000000001100000000000000000
0000000000100000000000000000
0000000000000000000000000000
0000000000000000000000000000
0000000000000000000000000000
0000000000000000000000000000
0000000000000000000000000000
0000000000000000000000000000
0000000000000000000000000000
0000000000000000000000000000
