0000000000000000000000000000
0000000000000000000000000000
0000000000000000000000000000
0000000000000000000000000000
0000000000000000000000000000
0000000000000000000000000000
0000000000001110000000000000
0000000000111110000000000000
0000000000111110000000000000
0000000011011110000000000000
0000000011011110000000000000
0000000110011110000000000000
0000001100011110000000000000
0000001100011110000000000000
0000011111111111100000000000
0000011111111111110000000000
0000000000011110000000000000
0000000000011110000000000000
0000000001111111100000000000
0000000000000000000000000000
0000000000000000000000000000
0000000000000000000000000000
0000000000000000000000000000
0000000000000000000000000000
0000000000000000000000000000
0000000000000000000000000000
0000000000000000000000000000
0000000000000000000000000000
