0000000000000000000000000000
0000000000000000000000000000
0000000000000000000000000000
0000000000000000000000000000
0000000000000000000000000000
0000000000000000000000000000
0000000000000000000000000000
0000000000000000000000000000
0000000000000000000000000000
0000000000000000000000000000
0000000000000000000000000000
0000000000001110000000000000
0000000000011110000000000000
0000000000111110000000000000
0000000000111110000000000000
0000000001111110000000000000
0000000011111110000000000000
0000000011101110000000000000
0000000111001110000000000000
0000000111001110000000000000
0000001110001110000000000000
0000011110001110000000000000
0000011100001110000000000000
0000111111111111100000000000
0000111111111111100000000000
0000111111111111100000000000
0000000000001110000000000000
0000000000001110000000000000
