0000000000000000000000000000
0000000000000000000000000000
0000000000000000000000000000
0000000000000000000000000000
0000000000000000000000000000
0000000000000000000000000000
0000000000000000000000000000
0000000000000000000000000000
0000000000000000000000000000
0000000000000000000000000000
0000000000000000000000000000
0000000000000000000000000000
0000000000000000000000000000
0000000000000000000111100000
0000000000000000001111100000
0000000000000000011111100000
0000000000000000011111100000
0000000000000000111011100000
0000000000000001110011100000
0000000000000011100011100000
0000000000000111000011100000
0000000000001111101111110000
0000000000001111111111111000
0000000000000111111111111000
0000000000000000000011100000
0000000000000000000011100000
0000000000000000000011100000
0000000000000000000000000000
