0000000000000000000000000000
0000000000000000000000000000
0000000000000000000000000000
0000000000000000000000000000
0000000000000000000000000000
0000000000000000000000000000
0000000000000000000000000000
0000000000000000011000000000
0000000000000000111100000000
0000000000000001111100000000
0000000000000111111100000000
0000000000001111011100000000
0000000000011100011100000000
0000000000111000011100000000
0000000001110000011100000000
0000000011100000011100000000
0000000011111111111111000000
0000000011111111111111000000
0000000000000000111100000000
0000000000000000011100000000
0000000000000000011100000000
0000000000000000011100000000
0000000000000000000000000000
0000000000000000000000000000
0000000000000000000000000000
0000000000000000000000000000
0000000000000000000000000000
0000000000000000000000000000
