0000000000000000000000000000
0000000000000000000000000000
0000000000000000000000000000
0000000000000000000000000000
0000000000000000000000000000
0000000000000000000000000000
0000000000000000000000000000
0000000000000000000000000000
0000000000000000000000000000
0000000000000000000000000000
0000000000000000000000000000
0000000000000000000000000000
0000000000000000000000000000
0000000000000000000000000000
0000000000000000000000000000
0000000000000000000000000000
0000000000000100000000000000
0000000000001100000000000000
0000000000011100000000000000
0000000000111100000000000000
0000000000111100000000000000
0000000001101100000000000000
0000000001101100000000000000
0000000011001100000000000000
0000000111111111000000000000
0000000011111110000000000000
0000000000001100000000000000
0000000000001100000000000000
