0000000000000000000000000000
0000000000000000000000000000
0010000000000000000000000000
0010000000000000000000000000
0010000000000000000000000000
0010000000000000000000000000
0010000000000000000000000000
0010000000000000011000000000
0010000000000000111000000000
0010000000000001111000000000
0010000000000001111000000000
0010000000000011011000000000
0010000000000111011000000000
0010000000000110011000000000
0010000000001100011000000000
0010000000011000011000000000
0010000000011111111110000000
0011000000011111111110000000
0011111000000000011000000000
0011001110100000011000000000
0011000000000000011100000000
0011000000000011100000000000
0011000000000000000000000000
0010000000000000000000000000
0010000000000000000000000000
0010000000000000000000000000
0000000000000000000000000000
0000000000000000000000000000
