0000000000000000000000000000
0000000000000000000000000000
0000000000000000000000000000
0011111111111111111111111100
0011111111111111111111111100
0000000000000000000000000000
0000000000000000000000000000
0000000000000000000000000000
0000000000000000000000000000
0000000000000000000000000000
0000000000000000000000000000
0000000000000001100000000000
0000000000000011100000000000
0000000000000111100000000000
0000000000000111100000000000
0000000000001101100000000000
0000000000011101100000000000
0000000000011001101000000000
0000000000110011100000000000
0000000001100011100000000000
0000000011100011100000000000
0000000011111111111000000000
0000000011111111111000000000
0000100000000011100000000000
0000000000000011100000000000
0000000000000011100000000000
0000000000000000000000000000
0000000000000000000000000000
