0000000000000000000000000000
0000000000000000000000000000
0011111111111111111111111100
0011111111111111111111111100
0011100000000000000000000000
0011000000000000000000000000
0010000000000000000000000000
0010000000000000100000000000
0010000000000001111000000000
0010000000000011111000000000
0010000000000111111000000000
0010000000000111111000000000
0010000000001111111000000000
0010000000011111111000000000
0010000000011111111100000000
0010000000011111111100000000
0010000000011111111100000000
0010000000011111111100000000
0010000000001111111100000000
0010000000000001111000000000
0010000000000000111000000000
0010000000000000000000000000
0010000000000000000000000000
0010000000000000000000000000
0010000000000000000000000000
0010000000000000000000000000
0000000000000000000000000000
0000000000000000000000000000
