0000000000000000000000000000
0000000000000000000000000000
0000000000000000000000000000
0000000000000000000000000000
0000000000000000000000000000
0000000000000000000000000000
0000000000000111000000000000
0000000000000111000000000100
0000000000001111000000000000
0000000000011111000000000100
0000000000111111000000000000
0000000000110111000000000000
0000000001100111000000000000
0000000011100111000000000000
0000000011000111000000000000
0000000110000111000000000000
0000001111111111110000000000
0000001111111111110000000000
0000000000000111000000000000
0000000000000111000000000000
0000000000000111000000000000
0000000000000111000000000000
0000000000000000000000000000
0000000000000000000000000000
0000000000000000000000000000
0000000000000000000000000000
0000000000000000000000000000
0000000000000000000000000000
