0000000000000000000000000000
0000000000000000000000000000
0001100000000000000000000000
0001100000000000000000000000
0001100000000000000000000000
0001100000000000000000000000
0001100000000000000000000000
0001100000000000000111000000
0001100000000000001111000000
0001100000000000001110000000
0001100000000000011111000000
0001100000000000110110000000
0001100000000001110110000000
0001100000000001100110000000
0001100000000011000110000000
0001100000000111000110000000
0001100000001110000110000000
0001100000001111111111100000
0001100000001111111111110000
0001100000001000101110000000
0001100000000000000110000000
0001100000000000000110000000
0001100000000000000110000000
0011100000000000000000000000
0001100000000000000000000000
0001100000000000000000000000
0000000000000000000000000000
0000000000000000000000000000
