0000000000000000000000000000
0000000000000000000000000000
0000000000000000000000000100
0000000000000000000000000100
0000000000000000000000000100
0000000000000000000000000100
0000000000000000000000000100
0000000000000110000000000100
0000000000001110000000000100
0000000000011110000000000100
0000000000111110000000000100
0000000000111110000000000100
0000000001101110000000000100
0000000011101110000000000100
0000000111001110000000000100
0000000110001110000000000100
0000001100001110000000000100
0000011100001110000000000100
0000011111111111100000000100
0000011111111111100000000100
0000000000001110000000000100
0000000000001110000000000100
0000000000001110000000000100
0000000000001110000000000100
0000000000000000000000000100
0000000000000000000000000100
0000000000000000000000000000
0000000000000000000000000000
