0000000000000000000000000000
0000000000000000000000000000
0000000000000000000000000000
0000000000000000000000000000
0000000000000000000000000000
0000000000000000000000000000
0000000000000111100000000000
0000000000001111100000000000
0000000000001111100000000000
0000000000011111100000000000
0000000000111111100000000000
0000000000110111100000000000
0000000001110111100000000000
0000000001100111100000000000
0000000011111111110000000000
0000000011111111110000000000
0000000001111111110000000000
0000000000000011100000000000
0000000000000011100000000000
0000000000000011000000000000
0000000000000000000000000000
0000000000000000000000000000
0000000000000000000000000000
0000000000000000000000000000
0000000000000000000000000000
0000000000000000000000000000
0000000000000000000000000000
0000000000000000000000000000
