0000000000000000000000000000
0000000000000000000000000000
0000000000000000000000000000
0000000000000000000000000000
0000000000000000000000000000
0000000000000000000000000000
0000000000000000000001000000
0000000000000000000000000000
0000000000000001000000000000
0000000000000011000000000000
0000000000000111000000000000
0000000000001111000000000000
0000000000001111000000000000
0000000000011011000000000000
0000000000110011000000000000
0000000000111111100000000000
0000000000111111110000000000
0000000000000011000000000000
0010000000000011000000000000
0000000000000001000000000000
0000000000000000000000000000
0000000000000000000000000000
0000000000000000000000000000
0000000000000000000000000000
0000000000000000000000000000
0000000000000000000000000000
0000000000000000000000000000
0000000000000000000000000000
