0000000000000000000000000000
0000000000000000000000000000
0011111111111111111111111100
0000000000000000000000000000
0000000000000000000000000000
0000000000000000000000000000
0000000000000000000000000000
0000000000000000000000000000
0000000000000000100000000000
0000000000000001100000000000
0000000000000011100000000000
0000000000000111100000000000
0000000000000111100000000000
0000000000001101100000000000
0000000000011001100000000000
0000000000011001100000000000
0000000000110001100000000000
0000000001110001100000000000
0000000001111111111000000000
0000000001111111111100010000
0000000001000001111000000000
0000000000000001100000000000
0000000000000001100000000000
0000000000000001100000000000
0000000000000000000000000000
0000000000000000000000000000
0000000000000000000000000000
0000000000000000000000000000
