0000000000000000000000000000
0000000000000000000000000000
0001000000000000000000000000
0001000000000000000000000000
0001000000000000000000000000
0001000000000000001100000000
0001000000000000011100000000
0001000000000000111100000000
0001000000000001111100000000
0001000000000001101100000000
0001000000000011001100000000
0001000000000110001100000000
0001000000000110011100000000
0001000000001100011000000000
0001000000011110111111000000
0001000000011111111111000000
0001000000000000011100000000
0011000000000000011000000000
0011000000000000011000000000
0010000000000000011000000000
0010000000000000000000000000
0010000000000000000000000000
0010000000000000000000000000
0010000000000000000000000000
0010000000000000000000000000
0010000000000011111111101100
0000000000000000000000000000
0000000000000000000000000000
