0000000000000000000000000000
0000000000000000000000000000
0000011000000000000000000000
0000011000000000000000000000
0000011000000000000000000000
0000010000000000000000000000
0000010000000000000011000000
0000010000000000000111000000
0000010000000000001111000000
0000010000000000001111000000
0000010000000000011011000000
0000010000000000110011000000
0000010000000000110011000000
0000010000000001100011000000
0000010000000011000011000000
0000010000000011111111110000
0000010000000111111111110000
0000010000000000000011000000
0000010000000000000011000000
0000010000000000000011000000
0000010000000000000011000000
0000010000000000000000000000
0000010000000000000000000000
0000010000000000000000000000
0000010000000000000000000000
0000110000000000000000000000
0000000000000000000000000000
0000000000000000000000000000
