0000000000000000000000000000
0000000000000000000000000000
0010000000000001000001111100
0000000000000001000001011100
0000000000001111100000001100
0000000000001111110100001100
0000000000011111111000001100
0000000000011111111000001100
0000000000111111111000001100
0000000001111111111000001100
0000000001111111111000011100
0000000011111111111000011100
0000000011111111111100011100
0000000011111111111100001100
0000000011111111111000001100
0000000001111111111000001100
0000000000111111111000001100
0000000000001111110000001100
0000000000000011100000001100
0000000000000000000000001100
0000000000000000000000001100
0000000000000000000000011100
0000000000000000000000001100
0000000000000000000000011100
0000000000000000000011111100
0011111111111111111111111100
0000000000000000000000000000
0000000000000000000000000000
