0000000000000000000000000000
0000000000000000000000000000
0011111111111111111111111100
0000000000000000000000011100
0000000000000000000000001100
0000000000000000000000001100
0000000000000000000000001100
0000000000001111000000001100
0000000000011111000000001100
0000000000011111000000001100
0000000000111111000000001100
0000000000111111000000001100
0000000001111111000000001100
0000000011111111000000001100
0000000111111111000000001100
0000000111111111000000001100
0000001111111111100000001100
0000001111111111100000001100
0000000111111111100000001100
0000000011111111100000001100
0000000000001111000000001100
0000000000001110000000001100
0000000000000100000000001100
0000000000000000000000001100
0000000000000000000000001100
0000000000000000000000001100
0000000000000000000000000000
0000000000000000000000000000
