0000000000000000000000000000
0000000000000000000000000000
0000000000000000000000000000
0000000000000000000000000000
0000000000000000000000000000
0000000000000001100000000000
0000000000000011110000000000
0000000000000011110000000000
0000000000000111110000000000
0000000000001111110000000000
0000000000001111110000000000
0000000000011001110000000000
0000000000111001110000000000
0000000000111011111000000000
0000000001111111111000000000
0000000000111111111000000000
0000000000000011111000000000
0000000000000001110000000000
0000000000000000110000000000
0000000000000000000000000000
0000000000000000000000000000
0000000000000000000000000000
0010000000000000000000000000
0010000000000000000000000100
0011111111111111111111111100
0011111111111111111111111100
0000000000000000000000000000
0000000000000000000000000000
