0000000000000000000000000000
0000000000000000000000000000
0000000000000000000000000000
0000000000000000111000000000
0000000000000001111000000000
0000000000000011111000000000
0000000000000011111000000000
0000000000000111111000000000
0000000000001110111000000000
0000000000001100111000000000
0000000000011100111000000000
0000010000111000111000000000
0000000000110000111000000000
0000000001111111111110000000
0000000001111111111110000000
0000000001111111111110000000
0000000000000000111000000000
0000000000000000111000000000
0000000000000000111000000000
0000000000000000110000000000
0000000000000000000000000000
0000000000000000000000000000
0000000000000000000000000000
0000000000000000000000000000
0000000000000000111111111100
0011011010000000100000000000
0000000000000000000000000000
0000000000000000000000000000
