0000000000000000000000000000
0000000000000000000000000000
0010000000000000000000000000
0000000000000000000000000000
0000000000000000000000000000
0000000000000000000000000000
0000000000000011110000000000
0000000000000111110000000000
0000000000000111110000000000
0000000000001111110000000000
0000000000001111110000000000
0000000000011111111000000000
0000000000111111111000000000
0000000000111111111000000000
0000000000111111111000000000
0000000000011111111000000000
0000000000000011111000000000
0000000000000001110000000000
0000000000000000000000000000
0000000000000000000000000000
0000000000000000000000000000
0000000000000000000000000000
0000000000000000000000000000
0000000000000000000000000000
0010000000000000000000000000
0011111111111111111111111100
0000000000000000000000000000
0000000000000000000000000000
