0000000000000000000000000000
0000000000000000000000000000
0011111000011110110011011100
0000000000000000000000000000
0000000000000000000000000000
0000000000000000000000000000
0000000000000000000000000000
0000000000000000000000000000
0000000000000001111000000000
0000000000000001111000000000
0000000000000011111000000000
0000000000000111111000000000
0000000000000110111000000000
0000000000001100111000000000
0000000000001100111000000000
0000000000011111111000000000
0000000000011111111100000000
0000000000000001111100000000
0000000000000000111000000000
0000000000000000111000000000
0000000000000000000000000000
0000000000000000000000000000
0000000000000000000000000000
0000000000000000000000000000
0000000000000000000000000000
0000000000000000000000000000
0000000000000000000000000000
0000000000000000000000000000
