0000000000000000000000000000
0000000000000000000000000000
0000000000000000000000001100
0000000000000000000000000100
0000000000000000000000000100
0000000000000110000000000100
0000000000011110000000000100
0000000000111111000000000100
0000000000111111000000000100
0000000001111111000000000100
0000000011111111000000000100
0000000011111111000000000100
0000000111111111000000000100
0000000111111111100000000100
0000000111111111100000000100
0000000111111111000000000100
0000000000011111000000000100
0000000000001110000000000100
0000000000000100000000000100
0000000000000000000000000100
0000000000000000000000000100
0000000000000000000000000100
0000000000000000000000000100
0000000000000000000000000100
0000000000000000000000001100
0000000000000000000000001100
0000000000000000000000000000
0000000000000000000000000000
