0000000000000000000000000000
0000000000000000000000000000
0010000000000000000000000000
0010000000000000000000000000
0010000000000000000000000000
0000000000000000000000000000
0010000000000001111000000000
0000000000000001111000000000
0000000000000011111000000000
0010000000000111111000000000
0010000000000111111000000000
0000000000001110111000000000
0000000000001100111000000000
0000000000011101111000000000
0010000000011111111100000000
0010000000011111111100000000
0000000000000000111000000000
0000000000000000111000000000
0000000000000000110000000000
0010000000000000000000000000
0000000000000000000000000000
0000000000000000000000000000
0000000000000000000000000000
0000000000000000000000000000
0000000000000000000000000000
0000000000000000000000000000
0000000000000000000000000000
0000000000000000000000000000
