0000000000000000000000000000
0000000000000000000000000000
0010000000000000000000000000
0010000000000000000000000000
0010000000000000000000000000
0010000000000000000000000000
0010000000000000111000000000
0010000000000000111100000000
0010000000000001111100000000
0010000000000011111100000000
0010000000000011111100000000
0010000000000111111100000000
0010000000001110111100000000
0010000000001100111000000000
0010000000011110111100000000
0010000000011111111110000000
0010000000011111111100000000
0010000000000001111100000000
0010000000000000111100000000
0010000000000000011000000000
0010000000000000000000000000
0010000000000000000000000000
0010000000000000000000000000
0010000000000000000000000000
0010000000000000000000000000
0011000000000000000000000000
0000000000000000000000000000
0000000000000000000000000000
