0000000000000000000000000000
0000000000000000000000000000
0010000000000000000000000000
0010000000000000000000000000
0010000000000000000000000000
0010000000000000000000000000
0010000000000000010000000000
0010000000000000111000000000
0010000000000001111000000000
0010000000000001111000000000
0010000000000011111000000000
0010000000000011111000000000
0010000000000110011000000000
0010000000001100011000000000
0010000000011100111100000000
0010000000011111111100000000
0010000000011111111110000000
0010000000001001111100000000
0010000000000000111100000000
0010000000000000011000000000
0010000000000000000000000000
0010000000000000000000000000
0010000000000000000000000000
0010000000000000000000000000
0011000000000000000000000000
0011111111111111111111111100
0000000000000000000000000000
0000000000000000000000000000
