0000000000000000000000000000
0000000000000000000000000000
0000000000000000000000000000
0010000000000000000000000000
0000000000000000000000000000
0000010000000000000000000000
0000000000000000000000000000
0000000100000000000000000000
0000000000000011000000000000
0000000000000111000000000000
0000000000000111000000000000
0000000000001111000000000000
0000000000011011000000000000
0000000000010011000000000000
0000000000110111100000000000
0000000000111111100000000000
0000000000000011000000000000
0000000000000011000000000000
0000000000000010000000000000
0000000000000000000000000000
0000000000000000000000000000
0000000000000000000000000000
0000000000000000000000000000
0010000000000000000000000000
0000000000000000000000000000
0000011111111111111111111100
0000000000000000000000000000
0000000000000000000000000000
