0000000000000000000000000000
0000000000000000000000000000
0000000000000000000000000000
0000000000000000000000000000
0000000000000000000000000000
0000000000000000000000000000
0000000000000000000000000000
0000000000000000011000000000
0000000000000000111100000000
0000000000000000111100000000
0000000000000001111100000000
0000000000000011111100000000
0000000000000011011100000000
0000000000000110011100000000
0000000000001110011100000000
0000000000011100011100000000
0000000000011000011100000000
0000000000111111111110000000
0000000000111111111111000000
0000000000000000011100000000
0000000000000000011100000000
0000000000000000011100000000
0000000000000000011100000000
0000000000000000000000000000
0000000000000000000000000000
0000000000000000000000000000
0000000000000000000000000000
0000000000000000000000000000
