0000000000000000000000000000
0000000000000000000000000000
0000000000000000000000000000
0000000000000000000000000000
0000000000000000000000000000
0000000000000000000000000000
0000000000000000000000000000
0000000000000000010000000000
0000000000000000111000000000
0000000000000001111000000000
0000000000000011111000000000
0000000000000011111000000000
0000000000000110111000000000
0000000000001110111000000000
0000000000001100111000000000
0000000000011000111000000000
0000000000111000111000000000
0000000000111101111100000000
0000000000111111111110000000
0000000000111111111110000000
0000000000000000111000000000
0000000000000000111000000000
0000000000000000111000000000
0000000000000000010000000000
0000000000000000000000000000
0000000000000000000000000000
0000000000000000000000000000
0000000000000000000000000000
