0000000000000000000000000000
0000000000000000000000000000
0000000000000000000000001100
0000000000000000000000000100
0000000000000000000000000000
0000000000000000000000000000
0000000000000000000000000000
0000000000000111000000000000
0000000000000111100000000000
0000000000001111100000000000
0000000000011111100000000000
0000000000011111100000000000
0000000000111111100000000000
0000000000111111100000000000
0000000001111111110000000000
0000000001111111110000000000
0000000001111111110000000000
0000000000111111110000000000
0000000000000111110000000000
0000000000000011100000000000
0000000000000001000000000000
0000000000000000000000000000
0000000000000000000000000000
0000000000000000000000000000
0000000000000000000000000000
0000000000000000000000000000
0000000000000000000000000000
0000000000000000000000000000
