0000000000000000000000000000
0000000000000000000000000000
0000000000000000000000000000
0000000000000000000000000000
0000000000000000000000000000
0000000000000001111000000000
0000000000000001111000000000
0000000000000011111000000000
0000000000000111111000000000
0000000000000111111000000000
0000000000001110111000000000
0000000000001100111000000000
0000000000011100111000000000
0000000000011111111100000000
0000000000011111111100000000
0000000000000001111000000000
0000000000000000111000000000
0000000000000000111000000000
0000000000000000000000000000
0000000000000000000000000000
0000000000000000000000000000
0000000000000000000000000000
0000000000000000000000000000
0000000000000000000000000000
0000000000000000000000000000
0011111111111111111111111100
0000000000000000000000000000
0000000000000000000000000000
