0000000000000000000000000000
0000000000000000000000000000
0011111001111111111011111100
0011100000000000000000000000
0011100000000000000000000000
0011100000000000000000000000
0011100000000000111000000000
0011100000000001111100000000
0011100000000001111100000000
0011100000000011111100000000
0011100000000111111100000000
0011100000001111111100000000
0011100000011111111100000000
0011100000011111111100000000
0011100000111111111110000000
0011100000111111111110000000
0011100000111111111111000000
0011100000111111111110000000
0011100000011111111110000000
0011100000000001111100000000
0011100000000000111100000000
0011100000000000011000000000
0011100000000000000000000000
0011100000000000000000000000
0011100000000000000000000000
0011111111111111111111111100
0000000000000000000000000000
0000000000000000000000000000
