0000000000000000000000000000
0000000000000000000000000000
0011111111111111111111111100
0011100000000000000110011100
0011000000000000000000000000
0011000000000000000000000000
0011000000000000111000000000
0011000000000001111100000000
0011000000000011111100000000
0011000000000011111100000000
0011000000000111111100000000
0011000000001111111100000000
0011000000001111111110000000
0011000000011111111100000000
0011000000111111111110000000
0011000000111111111110000000
0011000000111111111110000000
0011000000111111111110000000
0011000000011111111110000000
0011000000000001111100000000
0011000000000000111100000000
0011000000000000011000000000
0011000000000000000000000000
0011000000000000000000000000
0011000000000000000000000000
0011100000000000000000000000
0000000000000000000000000000
0000000000000000000000000000
