0000000000000000000000000000
0000000000000000000000000000
0000000000000000000000000000
0000000000000000000000000000
0000000000000000000000000000
0000000000000000000000000000
0000000011111110000000000000
0000000011111110000000000000
0000000011000000000000000000
0000000011000000000000000000
0000000011111000000000000000
0000000011111110000000000000
0000000000001110000000000000
0000000000000110000000000000
0000000000000111000000000000
0000000000000110000000000000
0000000100001110000000000000
0000000111111110000000000000
0000000011111000000000000000
0000000000000000000000000000
0000000000000000000000000000
0000000000000000000000000000
0000000000000000000000000000
0000000000000000000000000000
0000000000000000000000000000
0000000000000000000000000000
0000000000000000000000000000
0000000000000000000000000000
