0000000000000000000000000000
0000000000000000000000000000
0000000000000000000000000000
0000000000000000000000000000
0000000000000111111110000000
0000000000000111111111000000
0000000000000110000000000000
0000000000000110000000000000
0000000000000110000000000000
0000000000001111111110000000
0000000000001111011111000000
0000000000000100000111100000
0000000000000000000011100000
0000000000001000000011100000
0000000000011100000111000000
0000000000001111011111000000
0000000000000111111100000000
0000000000000000000000000000
0000000000000000000000000000
0000000000000000000000000000
0000000000000000000000000000
0000000000000000000000000000
0000000000000000000000000000
0000000000000000000000000000
0000000000000000000000000000
0000000000000000000000000000
0000000000000000000000000000
0000000000000000000000000000
