0000000000000000000000000000
0000000000000000000000000000
0000000000000000000000000000
0000000000000000000000000000
0000000000000000000000000000
0000000000000000000000000000
0000000000000000000000000000
0000000000000000000000000000
0000000000000000000000000000
0000000000000000000000000000
0000000000000000000000000000
0000000000000000000000000000
0000000111111111000000000000
0000001111111111000000000000
0000001110000000000000000000
0000001110000000000000000000
0000001111111000000000000000
0000001111111110000000000000
0000001110000111000000000000
0000000000000011100000000000
0000000000000011100000000000
0000001000000011100000000000
0000011100000111000000000000
0000001111011111000000000000
0000000111111100000000000000
0000000000000000000000000000
0000000000000000000000000000
0000000000000000000000000000
