0000000000000000000000000000
0000000000000000000000000000
0000000000000000000000000000
0000000000000000000000000000
0000000000000000000000000000
0000000000000000000000000000
0000000000000000000000000000
0000000000000000000000000000
0000000000000000000111110000
0000000000000000001111100000
0000000000000000001000000000
0000000000000000011100000000
0000000000000000011111000000
0000000000000000000111100000
0000000000000000000001110000
0000000000000000000000110000
0000000000000000000000010000
0000000000000000000000010000
0000000000000000000000010000
0000000000000000000000100000
0000000000000000111111000000
0000000000000000001000000000
0000000000000000000000000000
0000000000000000000000000000
0000000000000000000000000000
0000000000000000000000000000
0000000000000000000000000000
0000000000000000000000000000
