0000000000000000000000000000
0000000000000000000000000000
0000000000000000000000000000
0000000000000000000000000000
0000000000000000000000000000
0000000000000000000000000000
0000000000000000000000000000
0000000000000000000000000000
0000000000000000000000000000
0000000000000000000000000000
0000000000000000011111000000
0000000000000000100000000000
0000000000000000100000000000
0000000000000001111100000000
0000000000000000011110000000
0000000000000000000111000000
0000000000000000000011000000
0000000000000000000001000000
0000000000000000000001000000
0000000000000000000010000000
0000000000000011111100000000
0000000000000000110000000000
0000000000000000000000000000
0000000000000000000000000000
0000000000000000000000000000
0000000000000000000000000000
0000000000000000000000000000
0000000000000000000000000000
