0000000000000000000000000000
0000000000000000000000000000
0000000000000000000000000000
0000000000000000000000000000
0000000000000000000000000000
0000000000000000000000000000
0000000000000000000000000000
0000000000000000000000000000
0000000000000000000000000000
0000000000000000000000000000
0000000111111111100000000000
0000001111111111100000000000
0000001110000000000000000000
0000001110000000000000000000
0000001110000000000000000000
0000011110111100000000000000
0000011111111111000000000000
0000011110000111100000000000
0000000000000011110000000000
0000000000000001110000000000
0000000000000001110000000000
0000011000000001110000000000
0000011100000011110000000000
0000011111000111100000000000
0000001111111111000000000000
0000000001111100000000000000
0000000000000000000000000000
0000000000000000000000000000
