0000000000000000000000000000
0000000000000000000000000000
0000000000000000000000000000
0000000000000000000000000000
0000000000000000000000000000
0000000000000000000000000000
0000000000000000000000000000
0000000000000000000000000000
0000000000000000000000000000
0000000000000000000000000000
0000000000000000000000000000
0000000000000001111111100000
0000000000000011111111110000
0000000000000011111111100000
0000000000000011100000000000
0000000000000011100000000000
0000000000000011100000000000
0000000000000011110000000000
0000000000000011111111000000
0000000000000001111111100000
0000000000000000000011100000
0000000000000000000001110000
0000000000000000000001110000
0000000000000000000001110000
0000000000000000000001110000
0000000000000010000011100000
0000000000000011111111100000
0000000000000011111111000000
