0000000000000000000000000000
0000000000000001100001000000
0000000000001111111111000000
0000000000001111000101000000
0000000000001110000000000000
0000000000001110000000000000
0000000000001110000000000000
0000000000001111111000000000
0000000000001111111110000000
0000000000000000001111000000
0000000000000000000011000000
0000000000000000000011000000
0000000000000000000011000000
0000000000000000000011000000
0000000000001100000111000000
0000000000001111111110000000
0000000000000111111000000000
0000000000000000000000000000
0000000000000000000000000000
0000000000000000000000000000
0000000000000000000000000000
0000000000000000000000000000
0000000000000000000000000000
0000000000000000000000000000
0000000000000000000000000000
0000000000000000000000000000
0000000000000000000000000000
0000000000000000000000000000
