0000000000000000000000000000
0000000000000000000000000000
0000000000000000000000000000
0000000000000000000000000000
0000000000000000000000000000
0000000000000000000000000000
0000000000000001111111110000
0000000000000011111111111000
0000000000000011111111110000
0000000000000011100000000000
0000000000000111100000000000
0000000000000111000000000000
0000000000000111011111000000
0000000000000111111111110000
0000000000000111110111111000
0000000000000000000000111100
0000000000000000000000011100
0000000000000000000000011100
0000000000000000000000011100
0000000000001110000000011100
0000000000001111000000111100
0000000000000111100001111000
0000000000000011111111110000
0000000000000001111111100000
0000000000000000000000000000
0000000000000000000000000000
0000000000000000000000000000
0000000000000000000000000000
