0000000000000000000000000000
0000000000000000000000000000
0000000000000000000000000000
0000000000000000000000000000
0000000000000000000000000000
0000000000000000000000000000
0000000000111100000000000000
0000000000110000000000000000
0000000001000000000000000000
0000000011110000000000000000
0000000011111000000000000000
0000000000011100000000000000
0000000000001100000000000000
0000000000000110000000000000
0000000000000100000000000000
0000000000000100000000000000
0000000000000000000000000000
0000000011001000000000000000
0000000011100000000000000000
0000000000000000000000000000
0000000000000000000000000000
0000000000000000000000000000
0000000000000000000000000000
0000000000000000000000000000
0000000000000000000000000000
0000000000000000000000000000
0000000000000000000000000000
0000000000000000000000000000
