0000000000000000000000000000
0000000000000000000000000000
0000000000000000000000000000
0000000000000000000000000000
0000000000000000000000000000
0000000000000000000000000000
0000000000000000000000000000
0000000000000000000000000000
0000000000000000000000000000
0000000000000000000000000000
0000000000000111111111000000
0000000000000111111111000000
0000000000000111111111000000
0000000000000111000000000000
0000000000000111000000000000
0000000000000111111110000000
0000000000000111111111000000
0000000000000111111111100000
0000000000000111000111100000
0000000000000000000111100000
0000000000000000000111100000
0000000000000111000111100000
0000000000000111111111000000
0000000000000111111111000000
0000000000000011111110000000
0000000000000000111000000000
0000000000000000000000000000
0000000000000000000000000000
