0000000000000000000000000000
0000000000000000000000000000
0000000000000000000000000000
0000000000000000000000000000
0000000000000000000000000000
0000000000000000000000000000
0000000000000000000000000000
0000000000000000000000000000
0000000000011111111100000000
0000000000011111111100000000
0000000000011110000000000000
0000000000011110000000000000
0000000000111111110000000000
0000000000111111111000000000
0000000000010000111100000000
0000000000011000111100000000
0000000000111100111100000000
0000000000111111111100000000
0000000000111111111000000000
0000000000011111100000000000
0000000000000000000000000000
0000000000000000000000000000
0000000000000000000000000000
0000000000000000000000000000
0000000000000000000000000000
0000000000000000000000000000
0000000000000000000000000000
0000000000000000000000000000
