0000000000000000000000000000
0000000000000000000000000000
0000000000000000000000000000
0000000000000000000000000000
0000000000000000000000000000
0001111111111100000000000000
0001111111111110000000000000
0011111111111100000000000000
0011100000000000000000000000
0011100000000000000000000000
0011100000000000000000000000
0111101111100000000000000000
0111111111111000000000000000
0111111111111100000000000000
0011000000111110000000000000
0000000000011110000000000000
0000000000001110000000000000
0000000000001111000000000000
0110000000001110000000000000
1111000000011110000000000000
0111100000111110000000000000
0011111111111100000000000000
0001111111110000000000000000
0000011111000000000000000000
0000000000000000000000000000
0000000000000000000000000000
0000000000000000000000000000
0000000000000000000000000000
