0000000000000000000000000000
0000000000000000000000000000
0000000000000000000000000000
0000000000000000000000000000
0000000000000000000000000000
0000000000000000000000000000
0000000000000000000000000000
0000000000000000111111111000
0000000000000000111111111000
0000000000000000111000000000
0000000000000001110000000000
0000000000000001110000000000
0000000000000001111111100000
0000000000000001111111111000
0000000000000001111001111100
0000000000000001100000011100
0000000000000000000000011100
0000000000000000000000011100
0000000000000011100000011100
0000000000000011100000011100
0000000000000001111111111000
0000000000000000111111110000
0000000000000000001111000000
0000000000000000000000000000
0000000000000000000000000000
0000000000000000000000000000
0000000000000000000000000000
0000000000000000000000000000
