0000000000000000000000000000
0000000000000000000000000000
0000000000000000000000000000
0000000000000000000000000000
0000000000000000000000000000
0000000000000000000000000000
0000000000000000000000000000
0000000000000000000000000000
0000000000000000000000000000
0000000000000000000000000000
0000000000000000000000000000
0000000000000000000000000000
0000000011111111000000000000
0000000111111111100000000000
0000001111111111100000000000
0000001111000000000000000000
0000001110000000000000000000
0000001110000000000000000000
0000001111111110000000000000
0000001111111111000000000000
0000001111101111100000000000
0000001100000011110000000000
0000000000000001110000000000
0000000000000001110000000000
0000011000000001110000000000
0000011100000011110000000000
0000011111000111100000000000
0000001111111111100000000000
