0000000000000000000000000000
0000000000000000000000000000
0000000000000000000000000000
0000000000000000000000000000
0000000000000000000000000000
0000000000000000000000000000
0111111111100000000000000000
1111111111100000000000000000
0111000000000000000000000000
1110000000000000000000000000
1110000000000000000000000000
0110000000000000000000000000
1111000000000000000000000000
1111111100000000000000000000
0111111111000000000000000000
1111111111100000000000000000
0000000111100000000000000000
0000000011100000000000000000
0000000011100000000000000000
0000000011100000000000000000
0000000011100000000000000000
0000000111100000000000000000
0100001111100000000000000000
1111111111100000000000000000
1111111110000000000000000000
0000000000000000000000000000
0000000000000000000000000000
0000000000000000000000000000
