0000000000000000000000000000
0000000000000000000000000000
0000000000000000000000000000
0000000000000000000000000000
0000000000000000000000000000
0000000000001111000000000000
0000000000011111000000000000
0000000000011010000000000000
0000000000110000000000000000
0000000000111100000000000000
0000000001111100000000000000
0000000000001110000000000000
0000000000000011000000000000
0000000000000011000000000000
0000000000000011000000000000
0000000000000011000000000000
0000000000000011000000000000
0000000001100110000000000000
0000000001111100000000000000
0000000000110000000000000000
0000000000000000000000000000
0000000000000000000000000000
0000000000000000000000000000
0000000000000000000000000000
0000000000000000000000000000
0000000000000000000000000000
0000000000000000000000000000
0000000000000000000000000000
