0000000000000000000000000000
0000000000000000000000000000
0000000000000000000000000000
0000000000000000000000000000
0000000000000000000000000000
0000000000000000000000000000
0000000000000000000000000000
0000000000000000000000000000
0000000000000000000000000000
0000000000000000000000000000
0000000000000000000000000000
0000000000000000000000000000
0000000000000000000001111110
0000000000000000000011000000
0000000000000000000010000000
0000000000000000000111100000
0000000000000000000111111000
0000000000000000000000111110
0000000000000000000000001110
0000000000000000000000000110
0000000000000000000000000110
0000000000000000000000000110
0000000000000000000000001100
0000000000000000001111111000
0000000000000000000011000000
0000000000000000000000000000
0000000000000000000000000000
0000000000000000000000000000
