0000000000000001111111110000
0000000000000011111111110000
0000000000000011111111110000
0000000000000011100000000000
0000000000000011100000000000
0000000000000111000000000000
0000000000000111111111000000
0000000000000111111111110000
0000000000000111111111111000
0000000000000111000001111000
0000000000000000000000111000
0000000000000000000000011100
0000000000000000000000011100
0000000000000110000000111100
0000000000000111000000111000
0000000000000111100001111000
0000000000000011111111110000
0000000000000011111111100000
0000000000000000111110000000
0000000000000000000000000000
0000000000000000000000000000
0000000000000000000000000000
0000000000000000000000000000
0000000000000000000000000000
0000000000000000000000000000
0000000000000000000000000000
0000000000000000000000000000
0000000000000000000000000000
