0000000000000000000000000000
0000000000000000000000000000
0000000000000000000000000000
0000000000000000000000000000
0000000000000000000000000000
0000000000000000000000000000
0000000000000000000000000000
0000000000000000000000000000
0000000000000000000000000000
0000000000000000000000000000
0000000000000000000000000000
0000111111100000000000000000
0001111111110000000000000000
0001110000000000000000000000
0001110000000000000000000000
0001110000000000000000000000
0001111000000000000000000000
0001111111000000000000000000
0000111111100000000000000000
0000000011110000000000000000
0000000001110000000000000000
0000000001110000000000000000
0000000001110000000000000000
0000000011100000000000000000
0001111111100000000000000000
0000000000000000000000000000
0000000000000000000000000000
0000000000000000000000000000
