0000000000000000000000000000
0000000000000000000000000000
0000000000000000000000000000
0000000000000000000000000000
0000000000000000000000000000
0000000000000000000000000000
0000000000000000000000000000
0000000000000000000000000000
0000000000000000000000000000
0000000000000000000000000000
0000000000000000000000000000
0000000000000000000000000000
0000000000000000000000000000
0000000000000000000000000000
0000000000011110000000000000
0000000000011100000000000000
0000000000100000000000000000
0000000001111000000000000000
0000000001111100000000000000
0000000000001110000000000000
0000000000000110000000000000
0000000000000010000000000000
0000000000000010000000000000
0000000000000110000000000000
0000000001101100000000000000
0000000001110000000000000000
0000000000000000000000000000
0000000000000000000000000000
