0000000000000000000000000000
0000000000000000000000000000
0000000000000000000000000000
0000000000000000000000000000
0000000000000000000000000000
0000000000000000000000000000
0000000000000000000000000000
0000000000000000000000000000
0000000000000000000000000000
0000000000000000000000000000
0000000000000000000000000000
0000000000000000000000000000
0000000001111111000000000000
0000000001111111000000000000
0000000001111111000000000000
0000000001100000000000000000
0000000001100000000000000000
0000000001100000000000000000
0000000001111110000000000000
0000000001111111000000000000
0000000001111111000000000000
0000000001100111100000000000
0000000000000011100000000000
0000000000000011100000000000
0000000000000011100000000000
0000000000000011000000000000
0000000011000011000000000000
0000000001100110000000000000
