0000000000000000000000000000
0000000000000000000000000000
0000000000000000000000000000
0000000000000000000000000000
0000000000000000000000000000
0001111111110000000000000000
0111111111110000000000000000
0011100000000000000000000000
0111000000000000000000000000
0011000000000000000000000000
0111000000000000000000000000
0111111100000000000000000000
0111111111100000000000000000
0111111111110000000000000000
0111111111110000000000000000
0000000011110000000000000000
0000000001110000000000000000
0000000001110000000000000000
0000000001110000000000000000
0000000111110000000000000000
0011001111110000000000000000
0111111111110000000000000000
0111111111000000000000000000
0000000000000000000000000000
0000000000000000000000000000
0000000000000000000000000000
0000000000000000000000000000
0000000000000000000000000000
