0000000000000000000000000000
0000000000000000000000000000
0000000000000000000000000000
0000000000000000000000000000
0000000000000000000000000000
0000000000000000000000000000
0000000000000000000000000000
0000000000111111110000000000
0000000000111111110000000000
0000000001110000000000000000
0000000001100000000000000000
0000000001100000000000000000
0000000001111111000000000000
0000000001111111110000000000
0000000001100000110000000000
0000000000000000111000000000
0000000000000000111000000000
0000000001000000111000000000
0000000011100000110000000000
0000000001111011110000000000
0000000000111111100000000000
0000000000000000000000000000
0000000000000000000000000000
0000000000000000000000000000
0000000000000000000000000000
0000000000000000000000000000
0000000000000000000000000000
0000000000000000000000000000
