0000000000000000000000000000
0000000000000000000000000000
0000000000000000000000000000
0000000000000000000000000000
0000111111111100000000000000
0000111111111100000000000000
0000111000000000000000000000
0000110000000000000000000000
0001110000000000000000000000
0001111111110000000000000000
0001111111111000000000000000
0001111000111100000000000000
0000000000011110000000000000
0000000000001110000000000000
0000000000001110000000000000
0001100000001110000000000000
0011110000001110000000000000
0001111000011100000000000000
0000111111111000000000000000
0000011111110000000000000000
0000000000000000000000000000
0000000000000000000000000000
0000000000000000000000000000
0000000000000000000000000000
0000000000000000000000000000
0000000000000000000000000000
0000000000000000000000000000
0000000000000000000000000000
