0000000000000000000000000000
0000000000000000000000000000
0000000000000000000000000000
0000000000000000000000000000
0000000000000000000000000000
0000000000000000000000000000
0000000000000000000000000000
0000000000000000000000000000
0000000000000000000000000000
0000001111100000000000000000
0000001111100000000000000000
0000011101100000000000000000
0000011000000000000000000000
0000011111100000000000000000
0000001101110000000000000000
0000000000110000000000000000
0000011000110000000000000000
0000011101110000000000000000
0000001111100000000000000000
0000000000000000000000000000
0000000000000000000000000000
0000000000000000000000000000
0000000000000000000000000000
0000000000000000000000000000
0000000000000000000000000000
0000000000000000000000000000
0000000000000000000000000000
0000000000000000000000000000
