0000000000000000000000000000
0000000000000000000000000000
0000000000000000000000000000
0000000000000000000000000000
0000000000000000000000000000
0000000000000000000000000000
0000000000000000000000000000
0000000000000000000000000000
0000000000011111111000000000
0000000000011111111000000000
0000000000011111111000000000
0000000000011111110000000000
0000000000010000000000000000
0000000000010000000000000000
0000000000011111100000000000
0000000000011111110000000000
0000000000011111111000000000
0000000000011001111100000000
0000000000000000111100000000
0000000000000000111100000000
0000000000000000111000000000
0000000000000000111000000000
0000000000110000111000000000
0000000000111111110000000000
0000000000111111000000000000
0000000000000000000000000000
0000000000000000000000000000
0000000000000000000000000000
