0000000000000000000000000000
0000000000000000000000000000
0000000000000000000000000000
0000000000000000000000000000
0000000000000000000000000000
0000000000000000000000000000
0000001111111111000000000000
0000001111111111000000000000
0000001110000000000000000000
0000001100000000000000000000
0000001100000000000000000000
0000001110000000000000000000
0000001111111100000000000000
0000001111111111000000000000
0000000000000111000000000000
0000000000000011000000000000
0000000000000011000000000000
0000000000000011000000000000
0000011000000111000000000000
0000011111111110000000000000
0000001111111100000000000000
0000000000000000000000000000
0000000000000000000000000000
0000000000000000000000000000
0000000000000000000000000000
0000000000000000000000000000
0000000000000000000000000000
0000000000000000000000000000
