0000000000000000000000000000
0000000000000000000000000000
0000000000000000000000000000
0000000000000000000000000000
0000000000000000000000000000
0000000000000000000000000000
0000000000000000000000000000
0000000000000000000000000000
0000000000000000000000000000
0000000000000000000000000000
0000000000000000000000000000
0000000000000000000000000000
0000000000000000000000000000
0000000000000011111000000000
0000000000000011111000000000
0000000000000011011000000000
0000000000000011000000000000
0000000000000011110000000000
0000000000000011111000000000
0000000000000011001100000000
0000000000000010001100000000
0000000000000110001100000000
0000000000000011011100000000
0000000000000011111000000000
0000000000000000000000000000
0000000000000000000000000000
0000000000000000000000000000
0000000000000000000000000000
