0000000000000000000000000000
0000000000000000000000000000
0000000000000000000000000000
0000000000000000000000000000
0000000000000000000000000000
0000000000000000000000000000
0000000000000000000000000000
0000000000001111111111000000
0000000000001111111111000000
0000000000001111111111000000
0000000000001111111100000000
0000000000001110000000000000
0000000000001110000000000000
0000000000001110111110000000
0000000000001111111111000000
0000000000001111111111000000
0000000000001111001111100000
0000000000000000001111100000
0000000000000000001111100000
0000000000000000001111100000
0000000000001111001111100000
0000000000001111111111000000
0000000000001111111111000000
0000000000000111111110000000
0000000000000001111000000000
0000000000000000000000000000
0000000000000000000000000000
0000000000000000000000000000
