0000000000000000000000000000
0000000000000000000000000000
0000000000000000000000000000
0000000000000000000000000000
0000000000000011111110000000
0000000000000011111110000000
0000000000000011111100000000
0000000000000010000000000000
0000000000000010010000000000
0000000000000011111100000000
0000000000000011111110000000
0000000000000000001110000000
0000000000000000001110000000
0000000000000000001110000000
0000000000000100001100000000
0000000000000111111000000000
0000000000000011110000000000
0000000000000000000000000000
0000000000000000000000000000
0000000000000000000000000000
0000000000000000000000000000
0000000000000000000000000000
0000000000000000000000000000
0000000000000000000000000000
0000000000000000000000000000
0000000000000000000000000000
0000000000000000000000000000
0000000000000000000000000000
