0000000000000000000000000000
0000000000000000000000000000
0000000000000000000000000000
0000000000000000000000000000
0000000000000000000000000000
0000000000000000000000000000
0000000000000000000000000000
0000000000000000000000000000
0000000000000000000000000000
0000000000000000000000000000
0000000000000000000000000000
0000000000000000000000000000
0000000000000000000000000000
0000000000000000111111100000
0000000000000001111111110000
0000000000000001110111100000
0000000000000001100000000000
0000000000000001100000000000
0000000000000011111110000000
0000000000000011111111100000
0000000000000011110011110000
0000000000000000000000110000
0000000000000000000000111000
0000000000000000000000111000
0000000000000011000000110000
0000000000000011100001110000
0000000000000011111111100000
0000000000000000111111000000
