0000000000000000000000000000
0000000000000000000000000000
0000000000000000000000000000
0000000000111111111000000000
0000000000111111111000000000
0000000000111111111000000000
0000000000111000000000000000
0000000000111000000000000000
0000000000111011110000000000
0000000000111111111000000000
0000000000111111111100000000
0000000000111100111100000000
0000000000000000111100000000
0000000000000000111100000000
0000000000111000111100000000
0000000001111100111100000000
0000000000111111111000000000
0000000000011111111000000000
0000000000000111100000000000
0000000000000000000000000000
0000000000000000000000000000
0000000000000000000000000000
0000000000000000000000000000
0000000000000000000000000000
0000000000000000000000000000
0000000000000000000000000000
0000000000000000000000000000
0000000000000000000000000000
