0000000000000000000000000000
0000000000000000000000000000
0000000000000000000000000000
0000000000000000000000000000
0000111111110000000000000000
0000111111100000000000000000
0000111000000000000000000000
0000111111000000000000000000
0001111111100000000000000000
0000111011110000000000000000
0000000001110000000000000000
0001110001110000000000000000
0001111011110000000000000000
0001111111100000000000000000
0000111111000000000000000000
0000000000000000000000000000
0000000000000000000000000000
0000000000000000000000000000
0000000000000000000000000000
0000000000000000000000000000
0000000000000000000000000000
0000000000000000000000000000
0000000000000000000000000000
0000000000000000000000000000
0000000000000000000000000000
0000000000000000000000000000
0000000000000000000000000000
0000000000000000000000000000
