0000000000000000000000000000
0000000000000000000000000000
0000000000000000000000000000
0000000000000000000000000000
0000000000000000000000000000
0000000000000000000000000000
0000000000000000000000000000
0000000000000000000000000000
0000000000000000000000000000
0000000000000000000000000000
0000000000000000000000000000
0000000000000000000000000000
0000000000000000000000000000
0000000000000000000000000000
0000011111110000000000000000
0000111100000000000000000000
0000111000000000000000000000
0000111111100000000000000000
0000111111110000000000000000
0000111101110000000000000000
0000000000111000000000000000
0000000000111000000000000000
0000010001110000000000000000
0000111111100000000000000000
0000001111000000000000000000
0000000000000000000000000000
0000000000000000000000000000
0000000000000000000000000000
