0000000000000000000000000000
0000000000000000000000000000
0000000000000000000000000000
0000000000000000000000000000
0000000000000000000000000000
0000000000000000000000000000
0000000000000000000000000000
0000000000000000000000000000
0000000000000000000000000000
0000000000000000000000000000
0000000000000001111110000000
0000000000000001111110000000
0000000000000011110000000000
0000000000000011110000000000
0000000000000011111100000000
0000000000000111111110000000
0000000000000011101111000000
0000000000000000000111000000
0000000000000000000111000000
0000000000000001000111000000
0000000000000011101111000000
0000000000000011111110000000
0000000000000001111100000000
0000000000000000000000000000
0000000000000000000000000000
0000000000000000000000000000
0000000000000000000000000000
0000000000000000000000000000
