0000000000000000000000000000
0000000000000000000000000000
0000000000000000000000000000
0000000000000000000000000000
0000000000000000000000000000
0000000000000000000000000000
0000000000000000000000000000
0000000000000000000000000000
0000000000000000000000000000
0000000000000000000000000000
0000000000000000000000000000
0000000000000001111111110000
0000000000000001111111110000
0000000000000001110000000000
0000000000000001110000000000
0000000000000001111111000000
0000000000000001111111110000
0000000000000000000001111000
0000000000000000000000111000
0000000000000000000000111000
0000000000000000000000111000
0000000000000000000001111000
0000000000000011111111110000
0000000000000001111111000000
0000000000000000000000000000
0000000000000000000000000000
0000000000000000000000000000
0000000000000000000000000000
