0000000000000000000000000000
0000000000000000000000000000
0000000000000000000000000000
0000000000000000000000000000
0000000000000000000000000000
0000000000000000000000000000
0000000000001111111000000000
0000000000001111111000000000
0000000000001111111000000000
0000000000001100000000000000
0000000000001000000000000000
0000000000001111110000000000
0000000000001111111000000000
0000000000001000111100000000
0000000000000000011100000000
0000000000000000011100000000
0000000000000000011000000000
0000000000011000111000000000
0000000000011111100000000000
0000000000000000000000000000
0000000000000000000000000000
0000000000000000000000000000
0000000000000000000000000000
0000000000000000000000000000
0000000000000000000000000000
0000000000000000000000000000
0000000000000000000000000000
0000000000000000000000000000
