0000000000000000000000000000
0000000000000000000000000000
0000000000000000000000000000
0000000000000000000000000000
0000000000000000000000000000
0000000000000000000000000000
0000011111111000000000000000
0000111111111100000000000000
0000111111111100000000000000
0000111100000000000000000000
0000111000000000000000000000
0000111100000000000000000000
0000111111110000000000000000
0000111111111000000000000000
0000011111111100000000000000
0000000000011110000000000000
0000000000001110000000000000
0000000000001110000000000000
0000000000001110000000000000
0000000000011110000000000000
0000110000111100000000000000
0001111111111100000000000000
0000111111111000000000000000
0000000000000000000000000000
0000000000000000000000000000
0000000000000000000000000000
0000000000000000000000000000
0000000000000000000000000000
