0000000000000000000000000000
0000000000000000000000000000
0000000000000000000000000000
0000000000000000000000000000
0000000000000000000000000000
0000000000000000000000000000
0000000000000000000000000000
0000000011111111100000000000
0000000011111111110000000000
0000000011000000000000000000
0000000011000000000000000000
0000000111000000000000000000
0000000111111111100000000000
0000000111100011110000000000
0000000000000001110000000000
0000000000000000111000000000
0000000110000000111000000000
0000001110000001110000000000
0000000111111111100000000000
0000000001111111000000000000
0000000000000000000000000000
0000000000000000000000000000
0000000000000000000000000000
0000000000000000000000000000
0000000000000000000000000000
0000000000000000000000000000
0000000000000000000000000000
0000000000000000000000000000
