0000000000000000000000000000
0000000000000000000000000000
0000000000000000000000000000
0000000000000000000000000000
0000000000000001111111000000
0000000000000011111111000000
0000000000000011111000000000
0000000000000111110000000000
0000000000000111111110000000
0000000000000111111111000000
0000000000000111101111100000
0000000000000000000111100000
0000000000000000000111100000
0000000000000110000111100000
0000000000000111111111100000
0000000000000111111111000000
0000000000000001111110000000
0000000000000000000000000000
0000000000000000000000000000
0000000000000000000000000000
0000000000000000000000000000
0000000000000000000000000000
0000000000000000000000000000
0000000000000000000000000000
0000000000000000000000000000
0000000000000000000000000000
0000000000000000000000000000
0000000000000000000000000000
