0000000000000000000000000000
0000000000000000000000000000
0000000000000000000000000000
0000000000000000000000000000
0000000000000000000000000000
0000000000000000000000000000
0000000000000000000000000000
0000000000000000000000000000
0000000000000000000000000000
0000000000000000000000000000
0000000000000000000000000000
0000000000000000000000000000
0000000000011111111000000000
0000000000011111111000000000
0000000000011000000000000000
0000000000010000000000000000
0000000000010000000000000000
0000000000011111110000000000
0000000000011111111000000000
0000000000010001111100000000
0000000000000000111100000000
0000000000000000011100000000
0000000000000000011100000000
0000000000100000111000000000
0000000000111111110000000000
0000000000111111000000000000
0000000000000000000000000000
0000000000000000000000000000
