0000000000000000000000000000
0000000000000000000000000000
0000000000000000000000000000
0000000000000000000000000000
0000000000000000000000000000
0000000000000000000000000000
0000000000000000000000000000
0000000000000000000000000000
0000000000000000000000000000
0000000000000000000000000000
0000011111111000000000000000
0000111111111100000000000000
0000111111111100000000000000
0000111000000000000000000000
0000111000000000000000000000
0000111000000000000000000000
0000111000000000000000000000
0000111100000000000000000000
0000111111100000000000000000
0000011111110000000000000000
0000000011111000000000000000
0000000000111100000000000000
0000000000011100000000000000
0000000000011100000000000000
0000000000011100000000000000
0000000000011100000000000000
0000000000111100000000000000
0000000001111000000000000000
