0000000000000000000000000000
0000000000000000000000000000
0000000000000000000000000000
0000000000000000000000000000
0000000000111111111110000000
0000000000111111111110000000
0000000000111000000000000000
0000000000110000000000000000
0000000001110000000000000000
0000000001110000000000000000
0000000001110000000000000000
0000000001111111110000000000
0000000001111111111100000000
0000000001111000111100000000
0000000000000000011110000000
0000000000000000001110000000
0000000000000000001110000000
0000000000000000000110000000
0000000001000000001110000000
0000000011100000001110000000
0000000011110000011110000000
0000000001111000111100000000
0000000000111111111100000000
0000000000011111110000000000
0000000000000111000000000000
0000000000000000000000000000
0000000000000000000000000000
0000000000000000000000000000
