0000000000000000000000000000
0000000000000000000000000000
0000000000000000000000000000
0000000000000000000000000000
0000000000000000000000000000
0000000000000000000000000000
0000000000000000000000000000
0000000000000000000000000000
0000000000000000000000000000
0000000000000000000000000000
0000000000000000000000000000
0000000000000000000000000000
0000000000000000000000000000
0000000000000000000000000000
0000000000000000000000000000
0000000000000000000111000000
0000000000000000001111100000
0000000000000000010000000000
0000000000000000011000000000
0000000000000000111110000000
0000000000000000000111000000
0000000000000000000001100000
0000000000000000000001100000
0000000000000000000001100000
0000000000000000000001000000
0000000000000000110010000000
0000000000000000111000000000
0000000000000000000000000000
