0000000000000000000000000000
0000000000000000000000000000
0000000000000000000000000000
0000000000000000000000000000
0000000000000000000000000000
0000000000000000000000000000
0000000000000000000000000000
0000000000000000000000000000
0000000000000000000000000000
0000000000000000000000000000
0000000000000000000000000000
0000000000000000000000000000
0000000000000000000000000000
0000000000000000000000000000
0000000011111111100000000000
0000000011111111100000000000
0000000011111111000000000000
0000000011100000000000000000
0000000011101111000000000000
0000000011111111100000000000
0000000011111111100000000000
0000000001100011110000000000
0000000000000011110000000000
0000000011100011110000000000
0000000011110011100000000000
0000000011111111100000000000
0000000001111111000000000000
0000000000011100000000000000
