0000000000000000000000000000
0000000000000000000000000000
0000000000000000000000000000
0000000000000000000000000000
0000000000000000000000000000
0000000000000000000000000000
0000000011111000000000000000
0000000111111100000000000000
0000000111111000000000000000
0000000110000000000000000000
0000000111000000000000000000
0000000111111000000000000000
0000000111111100000000000000
0000000000001110000000000000
0000000000001110000000000000
0000000000000110000000000000
0000000000001110000000000000
0000000111111100000000000000
0000000111111100000000000000
0000000001100000000000000000
0000000000000000000000000000
0000000000000000000000000000
0000000000000000000000000000
0000000000000000000000000000
0000000000000000000000000000
0000000000000000000000000000
0000000000000000000000000000
0000000000000000000000000000
