0000000000000000000000000000
0000000000000000000000000000
0000000000000000000000000000
0000000000000000000000000000
0000000000000000000000000000
0000000000000000000000000000
0000000000000000000000000000
0000000000000000000000000000
0000000000000011111111100000
0000000000000011111111100000
0000000000000111000000000000
0000000000000111000000000000
0000000000000111000000000000
0000000000000110000000000000
0000000000000111111111000000
0000000000001111111111100000
0000000000000110000011100000
0000000000000000000001110000
0000000000000000000001110000
0000000000000000000001110000
0000000000001100000001110000
0000000000001110000011110000
0000000000001111000111100000
0000000000000111111111000000
0000000000000001111100000000
0000000000000000000000000000
0000000000000000000000000000
0000000000000000000000000000
