0000111111110000000000000000
0000111111110000000000000000
0000111110000000000000000000
0000111100000000000000000000
0001111110000000000000000000
0001111111100000000000000000
0001111111110000000000000000
0001111111111000000000000000
0000000001111000000000000000
0000000001111000000000000000
0000000001111000000000000000
0000100001111000000000000000
0001111001111000000000000000
0001111111110000000000000000
0000111111110000000000000000
0000011111000000000000000000
0000000000000000000000000000
0000000000000000000000000000
0000000000000000000000000000
0000000000000000000000000000
0000000000000000000000000000
0000000000000000000000000000
0000000000000000000000000000
0000000000000000000000000000
0000000000000000000000000000
0000000000000000000000000000
0000000000000000000000000000
0000000000000000000000000000
