0000000000000000000000000000
0000000000000000000000000000
0000000000000000000000000000
0000000000000000000000000000
0000000000000000000000000000
0000000000001110000000000000
0000000000111111100000000000
0000000000111111000000000000
0000000000111000000000000000
0000000000111000000000000000
0000000000111111000000000000
0000000000111111100000000000
0000000000011001100000000000
0000000000000001110000000000
0000000000000001110000000000
0000000000000001110000000000
0000000000110011100000000000
0000000000111111100000000000
0000000000011111000000000000
0000000000000000000000000000
0000000000000000000000000000
0000000000000000000000000000
0000000000000000000000000000
0000000000000000000000000000
0000000000000000000000000000
0000000000000000000000000000
0000000000000000000000000000
0000000000000000000000000000
