0000000000000000000000000000
0000000000000000000000000000
0000000000000000000000000000
0000000000000000000000000000
0000000000000000000000000000
0000000000000000000000000000
0000000000000000000000000000
0000000000000000000000000000
0000000000000000000000000000
0000000000000000000000000000
0000000000000000000000000000
0000000000000000000000000000
0000000000000000000000000000
0000000000000000000000000000
0000001111111111000000000000
0000011111111111000000000000
0000011100000000000000000000
0000001100000000000000000000
0000011100000000000000000000
0000011111110000000000000000
0000001111111110000000000000
0000011111111111000000000000
0000000000001111000000000000
0000000000000111000000000000
0000000000000111000000000000
0000000000001111000000000000
0000001000011111000000000000
0000011111111111000000000000
