0000000000000000000000000000
0000000000000000000000000000
0000000000000000000000000000
0001000000000000000000000000
0000000000000000000000000000
0000000000000000000000000000
0000000001111111110000000000
0000000001111111110000000000
0000000001111111110000000000
0000000011110000000000000000
0000000011100000000000000000
0000000011100000000000000000
0000000011111111100000000000
0000000011111111110000000000
0000000011111111110000000000
0000000011100001111000000000
0000000000000000111000000000
0000000000000000111000000000
0000000111000000111000000000
0000000111100001111000000000
0000000111110011110000000000
0000000011111111110000000000
0000000101111111100000000000
0000000100011110000000000000
0000000000000000000000000000
0000000000000000000000000000
0000000000000000000000000000
0000000000000000000000000000
