0000000000000000000000000000
0000000000000000000000000000
0011000000000000000000000000
0011000000000000000000000000
0010000000000000000000000000
0010000000001111111000000000
0011000000011111111000000000
0011000000011111110000000000
0011000000011100000000000000
0011000000011110000000000000
0011000000111111110000000000
0010000000111111111000000000
0011000000011111111100000000
0011000000000000011110000000
0011000000000000011110000000
0010000000000000011110000000
0010000000010000011100000000
0010000000111100111100000000
0010000000011111111000000000
0010000000011111111000000000
0011000000000001100000000000
0011000000000000000000000000
0011000000000000000000000000
0011000000000000000000000000
0011000000000000000000000000
0011111111111111111111111100
0000000000000000000000000000
0000000000000000000000000000
