0000000000000000000000000000
0000000000000000000000000000
0011000000000000000000000100
0010000000000000000000000000
0010000000000000000000000000
0010000000000000000000000000
0010000000000101100000000000
0010000000011111111100000000
0010000000011111111100000000
0010000000111111111000000000
0010000000111110000000000000
0010000000111111100000000000
0010000000111111111000000000
0010000000111111111100000000
0010000000111111111100000000
0010000000010000111110000000
0010000000000000011110000000
0010000000000000011110000000
0010000000111000111110000000
0010000001111111111100000000
0010000000111111111100000000
0010000000011111111000000000
0010000000001111100000000000
0010000000000000000000000000
0010000000000000000000000000
0011000000000000000000000000
0000000000000000000000000000
0000000000000000000000000000
