0000000000000000000000000000
0000000000000000000000000000
0010000000000000000000000000
0010000000000000000000000000
0000000000000000000000000000
0010000000000000000000000000
0010000000111111110000000000
0000000000111111111000000000
0000000000111111111000000000
0000000001111111110000000000
0000000001111110000000000000
0000000001111111100000000000
0000000001111111111000000000
0000000001111111111100000000
0000000001111111111100000000
0010000000011000111110000000
0010000000000000111110000000
0010000000100000111110000000
0010000001111000111110000000
0010000001111111111100000000
0010000000111111111000000000
0010000000111111111000000000
0010000000001111100000000000
0010000000000000000000000000
0010000000000000000000000000
0010000000000000000000000000
0000000000000000000000000000
0000000000000000000000000000
