0000000000000000000000000000
0000000000000000000000000000
0000000000000000000000000000
0000000000000000000000000000
0000000000000000000000000000
0000000000010010100000000000
0000000001111111110000000000
0000000001111111110000000000
0000000001110000000000000000
0000000001100000000000000000
0000000001100000000000000000
0000000001111111000000000000
0000000001111111110000000000
0000000011111011110000000000
0000000011100000111000000000
0000000000000000111000000000
0000000000000000011000000000
0000000011000000111000000000
0000000011100000111000000000
0000000011100001111000000000
0000000001111111110000000000
0000000000111111100000000000
0000000000000000000000000000
0000000000000000000000000000
0000000000000000000000000000
0000000000000000000000000000
0000000000000000000000000000
0000000000000000000000000000
