0000000000000000000000000000
0000000000000000000000000000
0000000000000000000000000000
0000000000000000000000000000
0000000000000000000000000000
0000000000000000000000000000
0000000111111111000000000000
0000000111111111000000001000
0000000110000000000000001000
0000000110000000000000001000
0000000110000000000000001000
0000001110111000000000001000
0000001111111110000000001000
0000001111001111000000001000
0000001100000011000000001000
0000000000000011100000001000
0000000000000011100000001000
0000001100000011000000001000
0000001100000011000000001000
0000001110000111000000001000
0000000111111110000000001000
0000000011111100000000001000
0000000000000000000000001000
0000000000000000000000001000
0000000000000000000000001000
0000000000000000000000001000
0000000000000000000000000000
0000000000000000000000000000
