0000000000000000000000000000
0000000000000000000000000000
0000000000000000000000000000
0000000000000000000000000000
0000000000000000000000000000
0000000000000000000000000000
0000000000000000000000000000
0000000000000000000000000000
0010000000001111111110000000
0010000000001111111110000000
0010000000011100000000000000
0010000000011100000000000000
0010000000011000000000000000
0010000000011011110000000000
0010000000011111111100000000
0010000000011111111110000000
0010000000011000001110000000
0010000000000000000110000000
0010000000000000000111000000
0010000000011000000111000000
0010000000111000000110000000
0010000000011100001110000000
0010000000011111111110000000
0010000000001111111100000000
0010000000000001100000000000
0010000000000000000000000000
0000000000000000000000000000
0000000000000000000000000000
