0000000000000000000000000000
0000000000000000000000000000
0010000000000000000000011100
0000000000000000000000000100
0000000000000000000000000100
0000000000011111111000000100
0000000000111111111000000100
0000000000111111111000000100
0000000001111111111000000100
0000000001111111110000000100
0000000001111111110000000100
0000000001111111111000000100
0000000001111111111000000100
0000000001111111111100000100
0000000001111111111100000100
0000000000000001111100000100
0000000001110001111100000100
0000000001111001111110000100
0000000001111111111100000100
0000000001111111111100000100
0000000001111111111100000100
0000000000111111111000000100
0000000000000000000000000100
0000000000000000000000000100
0010000000000000011100000100
0011111111111111111111111100
0000000000000000000000000000
0000000000000000000000000000
