0000000000000000000000000000
0000000000000000000000000000
0010000000000000000000001100
0000000000000000000000000100
0000000000000000000000000100
0000000000000000000000000100
0000000000111111100000000100
0000000001111111100000000100
0000000011111111100000000100
0000000011111111100000000100
0000000011111010000000000100
0000000011111110000000000100
0000000111111111100000000100
0000000011111111110000000100
0000000011111111111000000100
0000000000000011111000000100
0000000000000011111000000100
0000000001000001111000000100
0000000011110011110000000100
0000000111111111110000000100
0000000011111111100000000100
0000000001111111000000001100
0000000000111000000000001100
0000000000000000000000001100
0000000000000000000000001100
0000000000000000000000001100
0000000000000000000000000000
0000000000000000000000000000
