0000000000000000000000000000
0000000000000000000000000000
0000111111111111111111111100
0000111111111111111111111100
0000110000000000000000000000
0000110000000000000000000000
0000110000000000000000000000
0000110000000000000000000000
0000110000000000000000000000
0000110000000001111111110000
0000110000000001111111110000
0000110000000001100000000000
0000110000000001100000000000
0000110000000001100000000000
0000110000000011101110000000
0000110000000011111111100000
0000110000000011111111110000
0000110000000011000000111000
0000110000000000000000111000
0000110000000000000000111000
0000110000000000000000111000
0000110000000111000000111000
0000110000000011100001110000
0000110000000011111111100000
0000110000000001111111000000
0000110000000000000000000000
0000000000000000000000000000
0000000000000000000000000000
