0000000000000000000000000000
0000000000000000000000000000
0000000000000000000000000000
0000000000000000000000000000
0000000000000000000000000000
0000000000000000000000000000
0000000000111111110000000000
0000000000111111110000000000
0000000000100000000000000000
0000000001100000000000000000
0000000001100000000000000000
0000000001101111000000000000
0000000001111111110000000000
0000000001100000110000000000
0000000000000000011000000000
0000000000000000011000000000
0000000000000000011000000000
0000000011000000011000000000
0000000011100000011000000000
0000000001100000110000000000
0000000000111111110000000000
0000000000011111000000000000
0000000000000000000000000000
0000000000000000000000000000
0000000000000000000000000000
0000000000000000000000000000
0000000000000000000000000000
0000000000000000000000000000
