0000000000000000000000000000
0000000000000000000000000000
0010000000000000000000000000
0010000000000000000000000000
0010000000000000000000000000
0010000000000000000000000000
0010000000000000000000000000
0010000000000000000000000000
0010000000011111111000000000
0010000000011111110000000000
0010000000011000000000000000
0010000000011000000000000000
0010000000010111000000000000
0010000000011111110000000000
0010000000111000111000000000
0010000000000000011000000000
0010000000000000011000000000
0010000000000000011000000000
0010000000110000011000000000
0010000000111000111000000000
0010000000011111110000000000
0010000000000111000000000000
0010000000000000000000000000
0010000000000000000000000000
0010000000000000000000000000
0010000000000000000000000000
0000000000000000000000000000
0000000000000000000000000000
