0000000000000000000000000000
0000000000000000000000000000
0000000000000000000000000000
0011111111111111111111111100
0000001000010000000110000000
0000000000000000000000000000
0000000000000000000000000000
0000000000000000000000000000
0000000000000000000000000000
0000000000000111011000000000
0000000000001111111000000000
0000000000001111111000000000
0000000000001100000000000000
0000000000001101000000000000
0000000000011111110000000000
0000000000011111111000000000
0000000000001100111000000000
0000000000000000011100000000
0000000000011100011100000000
0000000000011100111000000000
0000000000001111111000000000
0000000000000111100000000000
0000000000000000000000000000
0000000000000000000000000000
0000000000000000000000000000
0000000000000000000000000000
0000000000000000000000000000
0000000000000000000000000000
