0000000000000000000000000000
0000000000000000000000000000
0000000000000000000000000100
0000000000000000000000001100
0000000000000000000000001100
0000000000000000000000001100
0000000001111110000000001100
0000000011111111000000001100
0000000011111110000000001100
0000000011000000000000001100
0000000111100000000000001100
0000000111111100000000001100
0000000111111111000000001100
0000000111111111100000001100
0000000000000111100000000100
0000000000000011100000000100
0000000000000011100000000100
0000000000000011100000000100
0000000111000111100000000100
0000000011111111000000000100
0000000001111110000000000100
0000000000000000000000001100
0000000000000000000000001100
0000000000000000000000000100
0000000000000000000000001100
0000000000000000000000001100
0000000000000000000000000000
0000000000000000000000000000
