0000000000000000000000000000
0000000000000000000000000000
0011110000000011111001001100
0011000000000000000000000000
0011000000000000000000000000
0011000000000000000000000000
0011000000011111110000000000
0011000000111111111000000000
0011000000111111111000000000
0011000001111111111000000000
0011000001111110000000000000
0011000001111111000000000000
0011000001111111110000000000
0011000011111111111000000000
0011000001111111111100000000
0011000000111001111100000000
0011000000000000111110000000
0011000001000000111110000000
0010000001111000111110000000
0010000001111111111100000000
0011000001111111111100000000
0011000000111111111000000000
0011000000011111100000000000
0011000000000000000000000000
0011000000000000000000000000
0011000000000000000000001000
0000000000000000000000000000
0000000000000000000000000000
