0000000000000000000000000000
0000000000000000000000000000
0000000000000000000000000100
0000000000000000000000000100
0000000000000000000000000100
0000000000000000000000000100
0000000001111111100000000100
0000000001111111100000000100
0000000001111111100000000100
0000000001110000000000000100
0000000001111110000000000100
0000000001111111000000000100
0000000001111111100000000100
0000000000000011100000000100
0000000000000011100000000100
0000000011100011100000000100
0000000011110011100000000100
0000000001111111100000000100
0000000000111111000000000100
0000000000000000000000000000
0000000000000000000000000000
0000000000000000000000000000
0000000000000000000000000000
0000000000000000000000000000
0000000000000000000000000000
0000000000000000000000000000
0000000000000000000000000000
0000000000000000000000000000
