0000000000000000000000000000
0000000000000000000000000000
0010000000000000000000000000
0010000000000000000000000000
0010000000000000000000000000
0010000000001111111100000000
0010000000001111111100000000
0010000000011111111100000000
0010000000011110000000000000
0010000000011111100000000000
0010000000011111111000000000
0010000000011111111100000000
0010000000011110111100000000
0010000000000000111100000000
0010000000111100111100000000
0010000110111100111100000000
0011000100011111111100000000
0011001100001111111000000000
0011000000000011100000000000
0011000000000000010000000000
0011000000000000000000000000
0011100000000000000000000000
0011000000000000000000000100
0011100000000000000000000000
0011100100000000000100001000
0011000100011000001110001000
0000000000000000000000000000
0000000000000000000000000000
