0000000000000000000000000000
0000000000000000000000000000
0010000000000000000000000000
0000000000000000000000000000
0000000000000000000000000000
0000000000000100100000000000
0000000000011111110000000000
0000000000111111110000000000
0000000000111100000000000000
0000000000111100000000000000
0000000000111111000000000000
0000000000111111110000000000
0000000000111111111000000000
0000000000111111111000000000
0000000000000000111100000000
0000000000000000111100000000
0000000000000000111100000000
0000000000110000111100000000
0000000000111111111000000000
0000000000111111111000000000
0000000000011111110000000000
0000000000000000000000000000
0000000000000000000000000000
0000000000000000000000000000
0000000000000000000000000000
0011000000111111110111111100
0000000000000000000000000000
0000000000000000000000000000
