0000000000000000000000000000
0000000000000000000000000000
0011000001110010000000000000
0011000000000000000000000000
0011000000000000000000000000
0011000000111111100000000000
0010000000111111110000000000
0010000001111111110000000000
0010000001111111110000000000
0010000001111110000000000000
0010000001111110000000000000
0010000001111111100000000000
0010000011111111110000000100
0010000001111111111000000100
0010000001111111111000000100
0010000000000001111100000100
0010000001000001111100000100
0010000011100001111100000100
0010000011111011111100000100
0010000011111111111100000100
0010000001111111111000000100
0010000000111111110000000100
0010000000011111100000000100
0011000000000000000000000100
0011000011111111111111111100
0011111111111111111111111100
0000000000000000000000000000
0000000000000000000000000000
