0000000000000000000000000000
0000000000000000000000000000
0000000000000000000000000000
0000000000000000000000000000
0000000000000000000000000000
0000000000000000000000000000
0000000001111111110000000000
0000000001111111110000000000
0000000001111111110000000000
0000000001100000000000000000
0000000011100000000000000000
0000000011100000000000000000
0000000011111111000000000000
0000000011111111110000000000
0000000011110011111000000000
0000000011000000111000000000
0000000000000000111000000000
0000000000000000111100000000
0000000011000000111000000000
0000000111000000111000000000
0000000011110001111000000000
0000000011111111110000000000
0000000001111111100010000000
0000000000001100000000000000
0000000000000000000000000000
0000000000000000000000000000
0000000000000000000000000000
0000000000000000000000000000
