0000000000000000000000000000
0000000000000000000000000000
0000000000000000000000001100
0000000000000000000000001100
0000000000000000000000001100
0000000111111110000000001100
0000000111111111000000001100
0000001111111111000000000100
0000001110000000000000000100
0000001110000000000000001100
0000001110000000000000001100
0000001111111100000000000100
0000001111111110000000000100
0000001110001111000000000100
0000001100000011100000000100
0000000000000011100000000100
0000000000000011100000000100
0000011100000011100000000100
0000011100000011100000000100
0000001110000111000000000100
0000001111111111000000000100
0000000011111110000000000100
0000000000000000000000000100
0000000000000000000000000100
0000000000000000000000000100
0000000000000000000000000100
0000000000000000000000000000
0000000000000000000000000000
