0000000000000000000000000000
0000000000000000000000000000
0011111111111111111111111100
0010000000000000000000000000
0010000000000000000000000000
0010000000000000000000000000
0010000000000110000000000000
0010000000111111110000000000
0010000001111111111000000000
0010000001111111111000000000
0010000001111111110000000000
0010000001111111000000000000
0010000001111111100000000000
0010000001111111110000000000
0010000001111111111000000000
0010000001111111111100000000
0010000001100001111100000000
0010000000000000111100000000
0010000001100000111100000000
0010000011111001111000000000
0010000001111111111000000000
0010000001111111110000000000
0010000000111111100000000000
0010000000000000000000000000
0010000000000000000000000000
0010000000000000000000000000
0000000000000000000000000000
0000000000000000000000000000
