0000000000000000000000000000
0000000000000000000000000000
0000000000000000000000000000
0000000000000000000000000000
0000000000000111111000000000
0000000000001111111000000000
0000000000011111111000000000
0000000000011111100000000000
0000000000011111110000000000
0000000000011111111000000000
0000000000011111111100000000
0000000000001111111100000000
0000000000001100111100000000
0000000000011111111100000000
0000000000011111111100000000
0000000000011111111000000000
0000000000001111110000000000
0000000000000000000000000000
0000000000000000000000000000
0000000000000000000000000000
0000000000000000000000000000
0000000000000000000000000000
0000000000000000000000000000
0010000000000000000000000000
0011000000000000000000000000
0011011110000001111111111100
0000000000000000000000000000
0000000000000000000000000000
