0000000000000000000000000000
0000000000000000000000000000
0011000000000000000000000000
0011000000000000000000000000
0011000000000000000000000000
0011000000000111000000000000
0011000000001111111000000000
0011000000001111111000000000
0011000000011110000000000000
0011000000011110000000000000
0011000000011111110000000000
0011000000011111111000000000
0011000000011111111100000000
0011000000001100111110000000
0011000000000000001110000000
0011000000000000001110000000
0011000000000000001110000000
0011000000011100011110000000
0011000000011111111100000000
0011000000001111111000000000
0011000000000111100000000000
0011000000000000000000000000
0011000000000000000000000000
0011000000000000000000000000
0011000000000000000000000000
0011110100000000011111111100
0000000000000000000000000000
0000000000000000000000000000
