0000000000000000000000000000
0000000000000000000000000000
0000000000000000000000001000
0000000000000000000000001000
0000000000000000000000001000
0000000000000000000000001000
0000000000000000000000001000
0000000001111100000000001000
0000000001100000000000001000
0000000011000000000000001000
0000000010000000000000001000
0000000011111100000000001000
0000000010000100000000001000
0000000000000110000000001000
0000000000000110000000001000
0000000010000100000000001000
0000000011111100000000001000
0000000000110000000000001000
0000000000000000000000001000
0000000000000000000000001000
0000000000000000000000001000
0000000000000000000000001000
0000000000000000000000001000
0000000000000000000000001000
0000000000000000000000001000
0000000000000000000000001000
0000000000000000000000000000
0000000000000000000000000000
