0000000000000000000000000000
0000000000000000000000000000
0010000000000000000000000000
0010000000000000000000000000
0010000000000000000000000000
0010000000000000000000000000
0010000000000111100000000000
0010000000001111111000000000
0010000000011111111000000000
0010000000011110000000000000
0010000000011100000000000000
0010000000011110000000000000
0010000000011111111000000000
0010000000011111111000000000
0010000000001100111100000000
0010000000000000011110000000
0010000000000000001110000000
0010000000000000001110000000
0010000000011000011100000000
0010000000011110111100000000
0010000000011111111000000000
0010000000000111100000000000
0010000000000000000000000000
0010000000000000000000000000
0010000000000000000000000000
0011000000000000000000000100
0000000000000000000000000000
0000000000000000000000000000
