0000000000000000000000000000
0000000000000000000000000000
0000000000000000000000000000
0000000000000000000000000000
0000000000000100000000000000
0000000000011111111000000000
0000000000011111111000000000
0000000000011111111000000000
0000000000011000000000000000
0000000000111111000000000000
0000000000111111110000000000
0000000000111111111000000000
0000000000111001111000000000
0000000000000000111000000000
0000000000111000111000000000
0000000000111001111000000000
0000000000111111110000000000
0000000000011111110000000000
0000000000000111000000000000
0000000000000000000000000000
0000000000000000000000000000
0000000000000000000000000000
0000000000000000000000000000
0000000000000000000000000000
0000000000000000000000000000
0000000000000000000000000000
0000000000000000000000000000
0000000000000000000000000000
