0000000000000000000000000000
0000000000000000000000000000
0010000000000000000000000000
0010000000000000000000000000
0010000000000000000000000000
0010000000001111111000000000
0010000000001111111000000000
0010000000001100000000000000
0010000000001100000000000000
0010000000011111110000000000
0010000000011111111000000000
0010000000011100111000000000
0010000000000000011100000000
0010000000000000011100000000
0010000000011100111000000000
0010000000011111111000000000
0000000000001111110000000000
0010000000000111100000000000
0010000000000000000000000000
0010000000000000000000000000
0010000000000000000000000000
0010000000000000000000000000
0010000000000000000000000000
0000000000000000000000000000
0000000000000000000000000000
0010000000000000010000000000
0000000000000000000000000000
0000000000000000000000000000
