0000000000000000000000000000
0000000000000000000000000000
0000000000000000000000001100
0000000111111111000000011000
0000000111111111000000001100
0000000111111111000100001000
0000001110000000000000001100
0000001110000000000000001000
0000001110000000000000001100
0000001111111100000000001100
0000001111111110000000001100
0000001111001111000000001100
0000001100000111100000001100
0000000000000011100100001100
0000000000000011100000001100
0000111100010011100001101100
0000011100010111110000101100
0000001110011111110000001100
0000001111111111000000111100
0000000111111100100000011100
0000000000100000000000001100
0000000000010000100000101100
0000000000000000000000101100
0000000000000000000000011100
0000000000000000011000001100
0011111111111111111111111100
0000000000000000000000000000
0000000000000000000000000000
