0000000000000000000000000000
0000000000000000000000000000
0000000000000000000000000000
0000000000000000000000000000
0000000000000000000000000000
0000000000011111110000000000
0000000001111111110000000000
0000000001111111110000000000
0000000001100000000000000000
0000000011100000000000000000
0000000011000000000000000000
0000000011111111000000000000
0000000011111111100000000000
0000000011100011110000000000
0000000010000001110000000000
0000000000000000110000000000
0000000000000000110000000000
0000000110000000110000000000
0000000111000001110000000000
0000000111100011100000000000
0000000011111111000000000000
0000000000111110000000000000
0000000000000000000000000000
0000000000000000000000000100
0000000000000000000000000100
0000000000000000000000000100
0000000000000000000000000000
0000000000000000000000000000
