0000000000000000000000000000
0000000000000000000000000000
0010000000000000000000000000
0010000000000000000000000000
0010000000000000000000000000
0010000000000000000000000000
0010000000001111111000000000
0010000000001111111000000000
0010000000001111111000000000
0010000000001100000000000000
0010000000001101100000000000
0010000000001111111000000000
0010000000011111111000000000
0010000000001100011100000000
0010000000000000011100000000
0010000000011100011100000000
0010000000011100111000000000
0010000000001111111000000000
0010000000000111110000000000
0010000000000000000000000000
0010000000000000000000000000
0010000000000000000000000000
0010000000000000000000000000
0010000000000000000000000000
0010000000000000000000000000
0010000000000000000000000000
0000000000000000000000000000
0000000000000000000000000000
