0000000000000000000000000000
0000000000000000000000000000
0000000000000000000000000000
0000000000000000000000000000
0000000000000000000000000000
0000000000000000000000000000
0000000000000000000000000000
0000000000000000000000000000
0000000000000000000000000000
0000000000000000000000000000
0000000000000001111100000000
0000000000000010000000000000
0000000000000010000000000000
0000000000000111000000000000
0000000000000111110000000000
0000000000000001111000000000
0000000000000000011100000000
0000000000000000001100000000
0000000000000000000100000000
0000000000000000000100000000
0000000000000000000100000000
0000000000000000001000000000
0000000000001111110000000000
0000000000000010000000000000
0000000000000000000000000000
0000000000000000000000000000
0000000000000000000000000000
0000000000000000000000000000
