0000000000000000000000000000
0000000000000000000000000000
0000000000000000000000000000
0000000000000000000000000000
0000000000000000000000000000
0000000000000000000000000000
0000000000000000000000000000
0000000001111111100000000000
0000000001111111100000000000
0000000001110000000000000000
0000000001110000000000000000
0000000011111110000000000000
0000000011111111000000000000
0000000011110111100000000000
0000000000000011100000000000
0000000011000011100000000000
0000000011100011100000000000
0000000011110111100000000000
0000000011111111000000000000
0000000001111110000000000000
0000000000000000000000000000
0000000000000000000000000000
0000000000000000000000000000
0000000000000000000000000000
0000000000000000000000000000
0000000000000000000000000000
0000000000000000000000000000
0000000000000000000000000000
