0000000000000000000000000000
0000000000000000000000000000
0000000000000000000000001100
0000000000000000000000000100
0000000000000000000000000100
0000000000000000000000000100
0000000000011100000000000100
0000000000111111100000000100
0000000001111111100000000100
0000000001111111100000000100
0000000001110000000000000100
0000000011111110000000000100
0000000011111111100000000100
0000000011111111100000000100
0000000011111111110000000100
0000000000000001110000000100
0000000000000001111000000100
0000000000000001111000000100
0000000011100001110000000100
0000000011110111110000000100
0000000001111111100000000100
0000000001111111100000000100
0000000000111100000000000100
0000000000000000000000000100
0000000000000000000000000100
0000000000000000000000000100
0000000000000000000000000000
0000000000000000000000000000
