0000000000000000000000000000
0000000000000000000000000000
0011000000000000000000000000
0010000000000000000000000000
0011000000000000000000000000
0011000000000111110000000000
0011000000011111111100000000
0011000000011111111100000000
0011000000111111111100000000
0011000000111111100000000000
0011000000111111110000000000
0011000000111111111000000000
0011000000111111111100000000
0011000000111111111110000000
0011000000011101111110000000
0011000000000000011111000000
0011000000000000011111000000
0011000000111000011111000000
0011000000111110111111000000
0011000000111111111110000000
0011000000011111111100000000
0011000000001111111000000000
0011000000000000000000000000
0011000000000000000000000000
0011000000000000000000000000
0011111111111111111111111100
0000000000000000000000000000
0000000000000000000000000000
