0000000000000000000000000000
0000000000000000000000000000
0000000000000000000000000000
0000000000000000000000000000
0000000000000000000000000000
0000000000001111111100000000
0010000000001111111100000000
0010000000011000000000000000
0010000000011000000000000000
0010000000011000000000000000
0010000000011111110000000000
0010000000011111111000000000
0010000000011100111100000000
0010000000011001001100000000
0010000000000000001110000000
0010000000000000001110000000
0000000000110000001110000000
0000000000110000001100000000
0000000000111000011100000000
0000000000011111111000000000
0000000000001111110000000000
0000000000000000000000000000
0000000000000000000000000000
0000000000000000000000000000
0000000000000000000000000000
0000000000000000000000000000
0000000000000000000000000000
0000000000000000000000000000
