0000000000000000000000000000
0000000000000000000000000000
0011000000000000000000000100
0010000000000000000000000000
0010000000000000000000000000
0010000000000000000000000000
0010000000001111111100000000
0010000000001111111100000000
0010000000011111111100000000
0010000000011111110000000000
0010000000011110000000000000
0010000000011111111000000000
0010000000011111111100000000
0010000000011111111110000000
0010000000011110111110000000
0010000000000000011111000000
0010000000000000001111000000
0010000000000000011111000000
0010000000011100011110000000
0010000000011111111110000000
0010000000011111111100000000
0010000000001111111000000000
0010000000000000000000000000
0011000000000000000000000000
0010000000000000000000000000
0011000000000000000000000000
0000000000000000000000000000
0000000000000000000000000000
