0000000000000000000000000000
0000000000000000000000000000
0000000000000000000000000000
0000000000000000000000000000
0000000000000000000000000000
0000000000000000000000000000
0000000000000000000000000000
0000000000000000000000000000
0000000000000000000000000000
0000000000000000000000000000
0000000000000111111000000000
0000000000001111111100000000
0000000000011110011100000000
0000000000011100001110000000
0000000000011000000100000000
0000000000111001110000000000
0000000000111111111000000000
0000000000111111111100000000
0000000000111100001110000000
0000000000111000001110000000
0000000000111000000110000000
0000000000111000000110000000
0000000000011000001110000000
0000000000011100001110000000
0000000000011110011100000000
0000000000001111111100000000
0000000000000011110000000000
0000000000000000000000000000
