0000000000000000000000000000
0000000000000000000000000000
0000000000000000000000000000
0000000000000000000000000000
0000000000000000000000000000
0000000000000000000000000000
0000000000000000000111110000
0000000000000000111111111000
0000000000000001111111111000
0000000000000011111000000000
0000000000000111110000000000
0000000000000111100000000000
0000000000000111100111100000
0000000000000111111111111000
0000000000000111111111111000
0000000000000111111111111000
0000000000000111111111111100
0000000000000111100000011100
0000000000000111100000011100
0000000000000111100000011100
0000000000000111100000111100
0000000000000111110000111100
0000000000000011111000111000
0000000000000011111111111000
0000000000000000001111101000
0000000000000000000000000000
0000000000000000000000000000
0000000000000000000000000000
