0000000000000000000000000000
0000000000000000000000000000
0000000000000000000000000000
0000000000000000000000000000
0000000000000000000000000000
0000000000000000000000000000
0000000000000000000000000000
0000000000000000000000000000
0000000000000000000000000000
0000000000000000000000000000
0000000000000000000000000000
0000000000000000000000000000
0000000000000000000000000000
0000000000000111110000000000
0000000000001111111000000000
0000000000011100011000000000
0000000000111000011000000000
0000000000110000000000000000
0000000000110111100000000000
0000000000111111111000000000
0000000000111100111000000000
0000000000111000011100000000
0000000000110000001100000000
0000000000110000001100000000
0000000000111000011100000000
0000000000011100111000000000
0000000000001111111000000000
0000000000000111100000000000
