0000000000000000000000000000
0000000000000000000000000000
0000000000000000000000000000
0000000000000000000000000000
0000000000000000111110000000
0000000000000011111111000000
0000000000000011100111100000
0000000000000111000011100000
0000000000000110000001110000
0000000000000110000000100000
0000000000001110000000000000
0000000000001100111110000000
0000000000001111111111000000
0000000000001111110111100000
0000000000001111000001110000
0000000000001110000001110000
0000000000001110000001110000
0000000000001110000001110000
0000000000001110000001110000
0000000000001110000001110000
0000000000000110000001110000
0000000000000111000011100000
0000000000000011111111100000
0000000000000011111111000000
0000000000000000111100000000
0000000000000000000000000000
0000000000000000000000000000
0000000000000000000000000000
