0000000000000000000000000000
0000000000000000000000000000
0000000000000000000000000000
0000000000000000000000000000
0000000000000000000000000000
0000000000000000001110000000
0000000000000000111111110000
0000000000000001111111111000
0000000000000011110000111000
0000000000000011100000011000
0000000000000111000000000000
0000000000000111111111100000
0000000000000111111111111000
0000000000000111110001111000
0000000000000111100000111100
0000000000000111000000011100
0000000000000111000000011100
0000000000000111100000111000
0000000000000011110001111000
0000000000000001111111110000
0000000000000000011111000000
0000000000000000000000000000
0000000000000000000000000000
0000000000000000000000000000
0000000000000000000000000000
0000000000000000000000000000
0000000000000000000000000000
0000000000000000000000000000
