0000000000000000000000000000
0000000000000000000000000000
0000000000000000000000000000
0000000000000000000000000000
0000000000000000000000000000
0000000000000000000000000000
0000000000000000000000000000
0000000000000000000000000000
0000000000000000000000000000
0000000000000000000000000000
0000000000000000000000000000
0000000011110000000000000000
0000000011110000000000000000
0000000110010000000000000000
0000000111110000000000000000
0000000111100000000000000000
0000000111110000000000000000
0000000110010000000000000000
0000000110011000000000000000
0000000110011000000000000000
0000000110010000000000000000
0000000011110000000000000000
0000000001100000000000000000
0000000000000000000000000000
0000000000000000000000000000
0000000000000000000000000000
0000000000000000000000000000
0000000000000000000000000000
