0000000000000000000000000000
0000000000000000000000000000
0000000000000000000000000000
0000000000000000000000000000
0000000000000000000000000000
0000000000000000000000000000
0000000000000000000000000000
0000000000000000000000000000
0000000000000000001111000000
0000000000000000011111110000
0000000000000000111101111000
0000000000000001110000111000
0000000000000001110000011000
0000000000000011100000000000
0000000000000011111111100000
0000000000000011111111110000
0000000000000011110000111000
0000000000000011110000011000
0000000000000011100000011100
0000000000000011100000011100
0000000000000001110000011000
0000000000000001111000111000
0000000000000000111111110000
0000000000000000011111100000
0000000000000000000000000000
0000000000000000000000000000
0000000000000000000000000000
0000000000000000000000000000
