0000000000000000000000000000
0000000000000000000000000000
0000000000000000000000000000
0000000000000000000000000000
0000000000000000000000000000
0000000000000000000000000000
0000000000000000000000000000
0000000000000000000000000000
0000000000000000000000000000
0000000000000000000000000000
0000000000000000000000000000
0000000000000000000000000000
0000000000000110000000000000
0000000000011000000000000000
0000000000110000000000000000
0000000001100000000000000000
0000000001111110000000000000
0000000011100011000000000000
0000000011000011100000000000
0000000011000001100000000000
0000000011000001100000000000
0000000001100001100000000000
0000000000100011000000000000
0000000000011100000000000000
0000000000000000000000000000
0000000000000000000000000000
0000000000000000000000000000
0000000000000000000000000000
