0000000000000000000000000000
0000000000000000000000000000
0000000000000000000000000000
0000000000000000000000000000
0000000000000000000000000000
0000000000000000000000000000
0000000000000000000000000000
0000000000000000000000000000
0000000000000111110000000000
0000000000001111110000000000
0000000000011100110000000000
0000000000011000000000000000
0000000000011011000000000000
0000000000111111110000000000
0000000000111111110000000000
0000000000111000111000000000
0000000000011000111000000000
0000000000011000111000000000
0000000000011111110000000000
0000000000001111110000000000
0000000000000011000000000000
0000000000000000000000000000
0000000000000000000000000000
0000000000000000000000000000
0000000000000000000000000000
0000000000000000000000000000
0000000000000000000000000000
0000000000000000000000000000
