0000000000000000000000000000
0000000000000000000000000000
0000000000000000000000000000
0000000000000000000000000000
0000000000000000000000000000
0000000000000000000000000000
0000000000000000000000000000
0000000000000000000000000000
0000000000111110000000000000
0000000011111111000000000000
0000000011100011100000000000
0000000011000001100000000000
0000000111000000000000000000
0000000110011100000000000000
0000000111111111000000000000
0000000111111111100000000000
0000000111000011100000000000
0000000111000001100000000000
0000000110000001100000000000
0000000110000001100000000000
0000000111000011100000000000
0000000011100111100000000000
0000000001111111000000000000
0000000000111100000000000000
0000000000000000000000000000
0000000000000000000000000000
0000000000000000000000000000
0000000000000000000000000000
