0000000000000000000000000000
0000000000000000000000000000
0000000000000000000000000000
0000000000000000000000000000
0000000000000000000000000000
0000000000000000000000000000
0000000000000000000000000000
0000000001111100000000000000
0000000011111110000000000000
0000000111101110000000000000
0000001111000000000000000000
0000001111111100000000000000
0000001111111110000000000000
0000001111111111000000000000
0000001111001111000000000000
0000001111001111000000000000
0000001111001111000000000000
0000001111001111000000000000
0000000111111111000000000000
0000000011111110000000000000
0000000001111000000000000000
0000000000000000000000000000
0000000000000000000000000000
0000000000000000000000000000
0000000000000000000000000000
0000000000000000000000000000
0000000000000000000000000000
0000000000000000000000000000
