0000000000000000000000000000
0000000000000000000000000000
0000000000000000000000000000
0000000000000000000000000000
0000000000000000000000000000
0000000000000000000000000000
0000000000000000000000000000
0000000000000000000000000000
0000000000000000000000000000
0000000000000000000000000000
0000000000000000000000000000
0000000000000000000000000000
0000000000000000000000000000
0000000000000000000000000000
0000000000000111000000000000
0000000000111000000000000000
0000000001100000000000000000
0000000111000000000000000000
0000000111111100000000000000
0000000111001110000000000000
0000001110000111000000000000
0000001110000011000000000000
0000000110000011000000000000
0000000111000111000000000000
0000000011100110000000000000
0000000000000000000000000000
0000000000000000000000000000
0000000000000000000000000000
