0000000000000000000000000000
0000000000000000000000000000
0000000000000000000000000000
0000000000000000000000000000
0000000000000000000000000000
0000000000000000000000000000
0000000000000000000000000000
0000000000000000000000000000
0000000000000000000000000000
0000000000000000000000000000
0000000000000000000000000000
0000000000000000000000000000
0000000000000001110000000000
0000000000000111111100000000
0000000000001111111110000000
0000000000011100001110000000
0000000000011000000010000000
0000000000111000000000000000
0000000000111111111100000000
0000000000111111111110000000
0000000000111100001111000000
0000000000111000000111000000
0000000000111000000111000000
0000000000111000000111000000
0000000000011100000111000000
0000000000011111111110000000
0000000000001111111100000000
0000000000000001110000000000
