0000000000000000000000000000
0000000000000000000000000000
0000000000000000000000000000
0000000000000000000000000000
0000000000000000000000000000
0000000000000000000000000000
0000000000000000000000000000
0000000000000000000000000000
0000000000000000000000000000
0000000000000000000000000000
0000000000000000000000000000
0000000000000000000000000000
0000000000000000000000000000
0000000000000000000000000000
0000000000000000000000000000
0000000000001110000000000000
0000000000011000000000000000
0000000000110000000000000000
0000000001100000000000000000
0000000011111000000000000000
0000000011111100000000000000
0000000011000110000000000000
0000000011000110000000000000
0000000011000110000000000000
0000000011000110000000000000
0000000001000110000000000000
0000000000101100000000000000
0000000000000000000000000000
