0000000000000000000000000000
0000000000000000000000000000
0000000000000000000000000000
0000000000000000000000000000
0000000000000000000000000000
0000000000000000000000000000
0000000000000000000000000000
0000000000000000000000000000
0000000000000000000000000000
0000000000000000000000000000
0000000000000000000000000000
0000000000000000000000000000
0000000000000000000000000000
0000000000000000000000000000
0000000000000111111000000000
0000000000001111110000000000
0000000000001110000000000000
0000000000011100000000000000
0000000000011100000000000000
0000000000011111110000000000
0000000000011111111000000000
0000000000011100111000000000
0000000000011000011100000000
0000000000011000011000000000
0000000000011100011000000000
0000000000001110111000000000
0000000000001111110000000000
0000000000000111100000000000
