0000000000000000000000000000
0000000000000000000000000000
0000000000000000000000000000
0000000000000000000000000000
0000000000000000000000000000
0000000000000000000000000000
0000000000000000000000000000
0000000000000000000000000000
0000000000011100000000000000
0000000001111100000000000000
0000000011100000000000000000
0000000110000000000000000000
0000001110000000000000000000
0000001100110000000000000000
0000001111111100000000000000
0000001110001110000000000000
0000001100000110000000000000
0000001100000111000000000000
0000001100000110000000000000
0000001100000110000000000000
0000000111001110000000000000
0000000011111100000000000000
0000000000000000000000000000
0000000000000000000000000000
0000000000000000000000000000
0000000000000000000000000000
0000000000000000000000000000
0000000000000000000000000000
