0000000000000000000000000000
0000000000000000000000000000
0000000000000000000000000000
0000000000000000000000000000
0000000000000000000000000000
0000000000000000000000000000
0000000000000000000000000000
0000000001111100000000000000
0000000111111110000000000000
0000001111111110000000000000
0000001110110100000000000000
0000011110000000000000000000
0000111100000000000000000000
0000111100000000000000000000
0000111101111000000000000000
0000111111111110000000000000
0000111111111110000000000000
0000111111111110000000000000
0000111100000111000000000000
0000111100000111000000000000
0000111100000111000000000000
0000111100000111000000000000
0000111100000111000000000000
0000111100001111000000000000
0000011110001110000000000000
0000011111111110000000000000
0000000011111010000000000000
0000000000000000000000000000
