0000000000000000000000000000
0000000000000000000000000000
0000000000000000000000000000
0000000000000000000000000000
0000000000000000000000000000
0000000000000000000000000000
0000000000000000000000000000
0000000000000000000000000000
0000000000000000000000000000
0000000000111000000000000000
0000000011111000000000000000
0000000111000000000000000000
0000001110000000000000000000
0000011100000000000000000000
0000011100000000000000000000
0000111100110000000000000000
0000111111111100000000000000
0000111111111110000000000000
0000111100011110000000000000
0000111000001110000000000000
0000111000001110000000000000
0000111000001110000000000000
0000011100001110000000000000
0000011111111100000000000000
0000001111111000000000000000
0000000000000000000000000000
0000000000000000000000000000
0000000000000000000000000000
