0000000000000000000000000000
0000000000000000000000000000
0000000000000000000000000000
0000000000000000000000000000
0000000000000000000000000000
0000000000000000000000000000
0000000000000000000000000000
0000000000000000000000000000
0000000000000000000000000000
0000000000000000000000000000
0000000000000000000000000000
0000000000000011111000000000
0000000000001111111100000000
0000000000001110011100000000
0000000000011100001110000000
0000000000011000000100000000
0000000000011000100000000000
0000000000011011111000000000
0000000000011111111100000000
0000000000011100011110000000
0000000000011100001110000000
0000000000011000000110000000
0000000000011000000110000000
0000000000011000000110000000
0000000000011000001110000000
0000000000011100001100000000
0000000000001111111100000000
0000000000000111111000000000
