0000000000000000000000000000
0000000000000000000000000000
0000000000000000000000000000
0000000000000000000000000000
0000000000000000000000000000
0000000000000000000000000000
0000000000000000000000000000
0000000000000000000000000000
0000000000000000000000000000
0000000000000000000000000000
0000000000000000000000000000
0000000000000000000000000000
0000011111111100000000000000
0001111111111100000000000000
0011110000000000000000000000
0011100000000000000000000000
0111100000000000000000000000
0111000000000000000000000000
0111111111110000000000000000
0111111111111100000000000000
0111110000111100000000000000
0111100000011110000000000000
0111000000011110000000000000
0111000000011110000000000000
0111100000011110000000000000
0011110000011100000000000000
0011111001111100000000000000
0001111111111000000000000000
