0000000000000000000000000000
0000000000000000000000000000
0000000000000000000000000000
0000000000000000000000000000
0000000000000000000000000000
0000000000000000000000000000
0000000000000000000000000000
0000000000011000000000000000
0000000000110000000000000000
0000000001100000000000000000
0000000011000000000000000000
0000000011000000000000000000
0000000111111000000000000000
0000000111001100000000000000
0000000110001110000000000000
0000000110000110000000000000
0000000110000110000000000000
0000000110000110000000000000
0000000110000110000000000000
0000000011000100000000000000
0000000001111100000000000000
0000000001110000000000000000
0000000000000000000000000000
0000000000000000000000000000
0000000000000000000000000000
0000000000000000000000000000
0000000000000000000000000000
0000000000000000000000000000
