0000000000000000000000000000
0000000000000000000000000000
0000000000000000000000000000
0000000000000000000000000000
0000000000000000000000000000
0000000000000000000000000000
0000000000000000000000000000
0000000000000000000000000000
0000000000000000000000000000
0000000000000000011000000000
0000000000000001110000000000
0000000000000011000000000000
0000000000000011000000000000
0000000000000110000000000000
0000000000000110111000000000
0000000000001110011000000000
0000000000001100001100000000
0000000000001100001100000000
0000000000000110001100000000
0000000000000110001000000000
0000000000000110011000000000
0000000000000011000000000000
0000000000000000000000000000
0000000000000000000000000000
0000000000000000000000000000
0000000000000000000000000000
0000000000000000000000000000
0000000000000000000000000000
