0000000000000000000000000000
0000000000000000000000000000
0000000000000000000000000000
0000000000000000000000000000
0000000000000000000000000000
0000000000000000000000000000
0000000000000000000000000000
0000000000000000000000000000
0000000000000000000000000000
0000000000000000000000000000
0000000000000000000000000000
0000000000000000000000000000
0000000000000000000000000000
0000000000000111111000000000
0000000000001110111100000000
0000000000011100011100000000
0000000000111000000000000000
0000000000111111110000000000
0000000000111111111000000000
0000000000111000011100000000
0000000000111000001100000000
0000000000111000001100000000
0000000000011000001100000000
0000000000011100111100000000
0000000000001111111000000000
0000000000000001000000000000
0000000000000000000000000000
0000000000000000000000000000
