0000000000000000000000000000
0000000000000000000000000000
0000000000000000000000000000
0000000000000000000000000000
0000000000000000000000000000
0000000000000000000000000000
0000000000000000000000000000
0000000000000000000000000000
0000000000000000000000000000
0000000000000000000000000000
0000000000001100000000000000
0000000000111100000000000000
0000000001110000000000000000
0000000011100000000000000000
0000000011000000000000000000
0000000111000000000000000000
0000000111011100000000000000
0000000111111110000000000000
0000000111111110000000000000
0000000111001111000000000000
0000000111000111000000000000
0000000110000111000000000000
0000000111000110000000000000
0000000111000110000000000000
0000000011101110000000000000
0000000001111100000000000000
0000000000000000000000000000
0000000000000000000000000000
