0000000000000000000000000000
0000000000000000000000000000
0000000000000000000000000000
0000000000000000000000000000
0000000000000000000000000000
0000000000000000000000000000
0000000000000000000000000000
0000000000000000000000000000
0000000000000000000000000000
0000000000000000000000000000
0000000000000000000000000000
0000000011111110000000000000
0000000111111111000000000000
0000001111000000000000000000
0000011100000000000000000000
0000011100000000000000000000
0000011100000000000000000000
0000111111111110000000000000
0000111111111111000000000000
0000111110000111100000000000
0000111100000011100000000000
0000011100000011100000000000
0000011100000011100000000000
0000011100000011100000000000
0000011110000111000000000000
0000001111111111000000000000
0000000000000000000000000000
0000000000000000000000000000
