0000000000000000000000000000
0000000000000000000000000000
0000000000000000000000000000
0000000000000000000000000000
0000000000000000000000000000
0000000000000000000000000000
0000000000000000000000000000
0000000000000000000000000000
0000000000000000000000000000
0000000000000000011000000000
0000000000000001100000000000
0000000000000011000000000000
0000000000000110000000000000
0000000000000110000000000000
0000000000001111111000000000
0000000000001110001100000000
0000000000001100000110000000
0000000000001100000110000000
0000000000001100000110000000
0000000000000110000110000000
0000000000000110001100000000
0000000000000011111000000000
0000000000000000000000000000
0000000000000000000000000000
0000000000000000000000000000
0000000000000000000000000000
0000000000000000000000000000
0000000000000000000000000000
