0000000000000000000000000000
0000000000000000000000000000
0000000000000000000000000000
0000000000000000000000000000
0000000000000000000000000000
0000000000000000000000000000
0000000000000000000000000000
0000000000000000011110000000
0000000000000001111111100000
0000000000000011111111110000
0000000000000111110111110000
0000000000000111100000000000
0000000000000111101111000000
0000000000001111111111100000
0000000000001111111111110000
0000000000001111110011111000
0000000000001111100011111000
0000000000000111100011111000
0000000000000111100011111000
0000000000000111111111110000
0000000000000011111111110000
0000000000000000111110000000
0000000000000000000000000000
0000000000000000000000000000
0000000000000000000000000000
0000000000000000000000000000
0000000000000000000000000000
0000000000000000000000000000
