0000000000000000000000000000
0000000000000000000000000000
0000000000000000000000000000
0000000000000000000000000000
0000000000000000000000000000
0000000000000000000000000000
0000000000000000000000000000
0000000000000000000000000000
0000000000000000000000000000
0000000000000000000000000000
0000000000000000000000000000
0000000000000000000000000000
0000000000000000000000000000
0000000000000000000000000000
0000000000000000000000000000
0000000000001100000000000000
0000000000111000000000000000
0000000011100000000000000000
0000000111000000000000000000
0000001110000000000000000000
0000001111110000000000000000
0000001110011100000000000000
0000011100001100000000000000
0000011100001110000000000000
0000011000000110000000000000
0000001100000110000000000000
0000001100001100000000000000
0000000110011000000000000000
