0000000000000000000000000000
0000000000000000000000000000
0000000000000000000000000000
0000000000000000000000000000
0000000000000000000000000000
0000000000000000000000000000
0000000000000000000000000000
0000000000000000000000000000
0000000000000000000000000000
0000000000000000000000000000
0000000000000000000000000000
0000000000000000000000000000
0000000000000000000000000000
0000000000000000000000000000
0000000000000000000000000000
0000000000000000000000000000
0000000000000011000000000000
0000000000001110000000000000
0000000000011000000000000000
0000000000110000000000000000
0000000001111110000000000000
0000000001110011000000000000
0000000001100011100000000000
0000000001100001100000000000
0000000001100001100000000000
0000000000110001000000000000
0000000000110010000000000000
0000000000000000000000000000
