0000000000000000000000000000
0000000000000000000000000000
0000000000000000000000000000
0000000000000000000000000000
0000000000000000000000000000
0000000000000000000000000000
0000000000000000000000000000
0000000000000000111100000000
0000000000001111111111000000
0000000000011111000011000000
0000000000111100000000000000
0000000000111100000000000000
0000000001111000000000000000
0000000001111111111110000000
0000000001111111111111100000
0000000001111100000111100000
0000000001111000000011110000
0000000001111000000011110000
0000000000111000000011110000
0000000000111100000111100000
0000000000011111111111000000
0000000000000110101100000000
0000000000000000000000000000
0000000000000000000000000000
0000000000000000000000000000
0000000000000000000000000000
0000000000000000000000000000
0000000000000000000000000000
