0000000000000000000000000000
0000000000000000000000000000
0000000000000000000000000000
0000000000000000000000000000
0000000000000000000000000000
0000000000000000000000000000
0000000000000000000000000000
0000000000000000000000000000
0000000000000000000000000000
0000000000000000000000000000
0000000000000000000000000000
0000000000000000000000000000
0000000000000000000000000000
0000000000011111000000000000
0000000001111111100000000000
0000000011111111100000000000
0000000111100000000000000000
0000001111000000000000000000
0000001111000000000000000000
0000001111111110000000000000
0000001111111111100000000000
0000001111111111100000000000
0000001111111111110000000000
0000001111000001110000000000
0000001111000001110000000000
0000001111000001110000000000
0000000111100001110000000000
0000000111100011110000000000
