0000000000000000000000000000
0000000000000000000000000000
0000000000000000000000000000
0000000000000000000000000000
0000000000000000000000000000
0000000000000000000000000000
0000000000000001111110000000
0000000000000111111110000000
0000000000001111111110000000
0000000000011110000000000000
0000000000111100000000000000
0000000000111100011000000000
0000000000111111111110000000
0000000000111111111110000000
0000000000111111111110000000
0000000000111111111111000000
0000000000111100000111000000
0000000000111100000111000000
0000000000111100000111000000
0000000000111100000111000000
0000000000011110001111000000
0000000000011111111110000000
0000000000001111111110000000
0000000000000001111010000000
0000000000000000000000000000
0000000000000000000000000000
0000000000000000000000000000
0000000000000000000000000000
