0000000000000000000000000000
0000000000000000000000000000
0000000000000000000000000000
0000000000000000000000000000
0000000000000000000000000000
0000000000000000000000000000
0000000000000000000000000000
0000000000000000000000000000
0000000000000000000000000000
0000000000000000000000000000
0000000000000000000000000000
0000000000000000000000000000
0000000000000000000000000000
0000000000000000001111110000
0000000000000000011111111000
0000000000000000111111111000
0000000000000001111000000000
0000000000000001110000000000
0000000000000001110000000000
0000000000000011110000000000
0000000000000011100000000000
0000000000000011111111110000
0000000000000011111111111000
0000000000000011111001111000
0000000000000011110000111100
0000000000000011100000011100
0000000000000011100000011100
0000000000000011100000011100
