0000000000000000000000000000
0000000000000000000000000000
0000000000000000000000000000
0000000000000000000000000000
0000000000000000000000000000
0000000000000000000000000000
0000000000000000000000000000
0000000000000000000000000000
0000000000000000000000000000
0000000000000000000000000000
0000000000000000000000000000
0000000000000000000000000000
0000000000000000001111100000
0000000000000001111111111000
0000000000000011111111111000
0000000000000111110000000000
0000000000000111000000000000
0000000000001111000000000000
0000000000001111000000000000
0000000000001111011111100000
0000000000001111111111110000
0000000000001111110011111000
0000000000001111000000111100
0000000000001111000000111100
0000000000001110000000111100
0000000000001111000000111100
0000000000001111000000111100
0000000000000111000000111100
