0000000000000000000000000000
0000000000000000000000000000
0000000000000000000000000000
0000000000000000000000000000
0000000000000000000000000000
0000000000000000000000000000
0000000000000000000000000000
0000000000000000000000000000
0000000000000000000000000000
0000000000000000000000000000
0000000000000000000000000000
0000000111100000000000000000
0000011111100000000000000000
0000111100000000000000000000
0000110000000000000000000000
0001110000000000000000000000
0001111111100000000000000000
0001111111110000000000000000
0001110001110000000000000000
0001110000111000000000000000
0001110000110000000000000000
0000111011110000000000000000
0000111111100000000000000000
0000000110000000000000000000
0000000000000000000000000000
0000000000000000000000000000
0000000000000000000000000000
0000000000000000000000000000
