0000000000000000000000000000
0000000000000000000000000000
0000000000000000000000000000
0000000000000000000000000000
0000000000000000000000000000
0000000000000000000000000000
0000000000000111110000000000
0000000000001111110000000000
0000000000011111100000000000
0000000000011100000000000000
0000000000111000000000000000
0000000000110000000000000000
0000000000111111100000000000
0000000000111111110000000000
0000000000111000111000000000
0000000000110000111000000000
0000000000110000111000000000
0000000000110000111000000000
0000000000111000111000000000
0000000000011111110000000000
0000000000011111110000000000
0000000000001111000000000000
0000000000000000000000000000
0000000000000000000000000000
0000000000000000000000000000
0000000000000000000000000000
0000000000000000000000000000
0000000000000000000000000000
