0000000000000000000000000000
0000000000000000000000000000
0000000000000000000000000000
0000000000000000000000000000
0000000000000000000000000000
0000000000000000000000000000
0000000000000000000000000000
0000000000000000000000000000
0000000000000000000000000000
0000000000000000000000000000
0000000001111110000000000000
0000000111111111100000000000
0000000111000011100000000000
0000001110000001100000000000
0000001110000000100000000000
0000011100000000000000000000
0000011111111110000000000000
0000011111111111100000000000
0000011111000111100000000000
0000011110000011110000000000
0000011100000001110000000000
0000011100000001110000000000
0000011100000001110000000000
0000011110000001110000000000
0000001111000011100000000000
0000000111111111000000000000
0000000011111110000000000000
0000000000000000000000000000
