0000000000000000000000000000
0000000000000000000000000000
0000000000000000000000000000
0000000000000000000000000000
0000000000000000000111111100
0000000000000000001111111110
0000000000000000011110001111
0000000000000000111100000111
0000000000000000111000000011
0000000000000000111000000000
0000000000000001110001100000
0000000000000001111111111100
0000000000000001111111111111
0000000000000001111110001111
0000000000000001111000000111
0000000000000001111000000111
0000000000000001111000000011
0000000000000001111000000011
0000000000000001111000000111
0000000000000000111000000111
0000000000000000111110111111
0000000000000000011111111110
0000000000000000000111111100
0000000000000000000000000000
0000000000000000000000000000
0000000000000000000000000000
0000000000000000000000000000
0000000000000000000000000000
