0000000000000000000000000000
0000000000000000000000000000
0000000000000000000000000000
0000000000000000000000000000
0000000000000000000000000000
0000000000000000000000000000
0000000000000000000000000000
0000000000000000000000000000
0000000000000000000000000000
0000000000000000000000011000
0000000000000000000011100000
0000000000000000000111000000
0000000000000000001110000000
0000000000000000001100000000
0000000000000000011111110000
0000000000000000011100111000
0000000000000000011000011000
0000000000000000011000011000
0000000000000000011000011000
0000000000000000011000011000
0000000000000000001100011000
0000000000000000001110110000
0000000000000000000000000000
0000000000000000000000000000
0000000000000000000000000000
0000000000000000000000000000
0000000000000000000000000000
0000000000000000000000000000
