0000000000000000000000000000
0000000000000000000000000000
0000000000000000000000000000
0000000000000000000000000000
0000000000000000011111000000
0000000000000001111111100000
0000000000000011111111110000
0000000000000111100000000000
0000000000001111000000000000
0000000000011111000000000000
0000000000011111000000000000
0000000000011111111111000000
0000000000011111111111100000
0000000000011111111111110000
0000000000011111111111110000
0000000000011111000001111000
0000000000011111000001111000
0000000000011111000001111000
0000000000011111000001111000
0000000000011111000011111000
0000000000001111100011110000
0000000000001111111111100000
0000000000000101111111110000
0000000000000000111110000000
0000000000000000000000000000
0000000000000000000000000000
0000000000000000000000000000
0000000000000000000000000000
