0000000000000000000000000000
0000000000000000000000000000
0000000000000000000000000000
0000000000000000000000000000
0000000001111110000000000000
0000000011111111000000000000
0000000111000111000000000000
0000000111000011000000000000
0000000110000000000000000000
0000000111111100000000000000
0000001111111111000000000000
0000001111000111000000000000
0000001110000011000000000000
0000001110000011100000000000
0000000110000011000000000000
0000000110000011000000000000
0000000111100111000000000000
0000000011111110000000000000
0000000001111100000000000000
0000000000000000000000000000
0000000000000000000000000000
0000000000000000000000000000
0000000000000000000000000000
0000000000000000000000000000
0000000000000000000000000000
0000000000000000000000000000
0000000000000000000000000000
0000000000000000000000000000
