0000000000000000000000000000
0000000000000000000000000000
0000000000000000000000000000
0000000000000000000000000000
0000000000000000000000000000
0000000000110000000000000000
0000000011111100000000000000
0000000111111110000000000000
0000001111011110000000000000
0000001110000000000000000000
0000011110111000000000000000
0000011111111110000000000000
0000011111111110000000000000
0000011110001111000000000000
0000011110001111000000000000
0000001110001111000000000000
0000001111001111000000000000
0000001111111110000000000000
0000000111111100000000000000
0000000000110000000000000000
0000000000000000000000000000
0000000000000000000000000000
0000000000000000000000000000
0000000000000000000000000000
0000000000000000000000000000
0000000000000000000000000000
0000000000000000000000000000
0000000000000000000000000000
