0000000000000000000000000000
0000000000000000000000000000
0000000000000000000000000000
0000000000000000000000000000
0000000000000000000000000000
0000000000000000000000000000
0000000000000000000000000000
0000000000000000000000000000
0000000000000000000000000000
0000000000000000000000000000
0000000000000000000000000000
0000000000001111110000000000
0000000000011111111000000000
0000000000111000111100000000
0000000001110000011100000000
0000000001110000001000000000
0000000011100111100000000000
0000000011111111110000000000
0000000011111101111000000000
0000000011110000011100000000
0000000011110000011100000000
0000000011100000001100000000
0000000011100000001100000000
0000000001110000011100000000
0000000001111000011100000000
0000000000111111111000000000
0000000000011111110000000000
0000000000000110000000000000
