0000000000000000000000000000
0000000000000000000000000000
0000000000000000000000000000
0000000000000000000000000000
0000000000000000000000000000
0000000000000000000000000000
0000000000000000000000000000
0000000000000000000000000000
0000000000000000000000000000
0000000000111100000000000000
0000000011111111000000000000
0000000111110111100000000000
0000001111000011110000000000
0000001110000001110000000000
0000001100000000000000000000
0000011100111110000000000000
0000011111111111100000000000
0000011111000011110000000000
0000011110000001110000000000
0000011110000001110000000000
0000011100000001110000000000
0000011110000001110000000000
0000001110000001110000000000
0000001111000011110000000000
0000000111111111100000000000
0000000011111111000000000000
0000000000000000000000000000
0000000000000000000000000000
