0000000000000000000000000000
0000000000000000000000000000
0000000000000000000000000000
0000000000000000000000000000
0000000000000000000000000000
0000000000000000000000000000
0000000000011110000000000000
0000000000111111000000000000
0000000001111111100000000000
0000000011100011100000000000
0000000011100001100000000000
0000000011000000000000000000
0000000011011110000000000000
0000000111111111000000000000
0000000111111111100000000000
0000000111100011100000000000
0000000111000001110000000000
0000000111000001110000000000
0000000011000001110000000000
0000000011000001100000000000
0000000011100011100000000000
0000000011111111100000000000
0000000001111111000000000000
0000000000011110000000000000
0000000000000000000000000000
0000000000000000000000000000
0000000000000000000000000000
0000000000000000000000000000
