0000000000000000000000000000
0000000000000000000000000000
0000000000000000000000000000
0000000000000000000000000000
0000000000000000000000000000
0000000000000000000000000000
0000000000000000000000000000
0000000000000000000000000000
0000000000000000000000000000
0000000000000000111111110000
0000000000000001111111110000
0000000000000011111011110000
0000000000000111100000000000
0000000000000111000000000000
0000000000001111000000000000
0000000000001110000000000000
0000000000001110011111000000
0000000000001111111111110000
0000000000001111111111110000
0000000000001111000001111000
0000000000001111000000111000
0000000000001110000000111000
0000000000001110000000111000
0000000000001110000000111000
0000000000000111000000111000
0000000000000111100001111000
0000000000000011111111110000
0000000000000011111111100000
