0000000000000000000000000000
0000000000000000000000000000
0000000000000000000000000000
0000000000000000000000000000
0000000000000000000000000000
0000000000000000000000000000
0000000000000000000000000000
0000000000000000000000000000
0000000000000000000000000000
0000000000000000000000000000
0000000000000000000000000000
0000000000000000111100000000
0000000000000001111100000000
0000000000000001100100000000
0000000000000011000000000000
0000000000000011110000000000
0000000000000011111100000000
0000000000000011111100000000
0000000000000011100110000000
0000000000000011000110000000
0000000000000011100110000000
0000000000000001101100000000
0000000000000001111100000000
0000000000000000011000000000
0000000000000000000000000000
0000000000000000000000000000
0000000000000000000000000000
0000000000000000000000000000
