0000000000000000000000000000
0000000000000000000000000000
0000000000000000000000000000
0000000001111110000000000000
0000000011111110000000000000
0000000111000000000000000000
0000001110000000000000000000
0000001110000000000000000000
0000001100111000000000000000
0000001111111100000000000000
0000001111001110000000000000
0000001110000111000000000000
0000001100000111000000000000
0000001100000111000000000000
0000001110000111000000000000
0000001110000110000000000000
0000000111001110000000000000
0000000011111100000000000000
0000000000110000000000000000
0000000000000000000000000000
0000000000000000000000000000
0000000000000000000000000000
0000000000000000000000000000
0000000000000000000000000000
0000000000000000000000000000
0000000000000000000000000000
0000000000000000000000000000
0000000000000000000000000000
