0000000000000000000000000000
0000000000000000000000000000
0000000000000000000000000000
0000000000000000000000000000
0000000000000000000000000000
0000000000000000011100000000
0000000000000000111000000000
0000000000000001100000000000
0000000000000011100000000000
0000000000000011000000000000
0000000000000011000000000000
0000000000000111111100000000
0000000000000111111110000000
0000000000000111101110000000
0000000000000111000110000000
0000000000000111000111000000
0000000000000111000110000000
0000000000000111000110000000
0000000000000011001110000000
0000000000000011111100000000
0000000000000000111000000000
0000000000000000000000000000
0000000000000000000000000000
0000000000000000000000000000
0000000000000000000000000000
0000000000000000000000000000
0000000000000000000000000000
0000000000000000000000000000
