0000000000000000000000000000
0000000000000000000000000000
0000000000000000000000000000
0000000000000000000000000000
0000000000000000000000000000
0000000000000000000000000000
0000000000000000000000000000
0000000000000000000000000000
0000000000000000000000000000
0000000000000111110000000000
0000000000011111111100000000
0000000000111111111100000000
0000000001111000011110000000
0000000011110000001110000000
0000000011100000000110000000
0000000011100001100000000000
0000000111001111111000000000
0000000111111111111100000000
0000000111111000011110000000
0000000111110000001111000000
0000000111100000000111000000
0000000111100000000111000000
0000000011100000000111000000
0000000011100000000111000000
0000000011110000001111000000
0000000001111000011110000000
0000000000111111111100000000
0000000000011111111000000000
