0000000000000000000000000000
0000000000000000000000000000
0000000000000000000000000000
0000000000000000000000000000
0000000000000000000000000000
0000000000000000000000000000
0000000000000000000000000000
0000000000110000000000000000
0000000011000000000000000000
0000000110000000000000000000
0000001100000000000000000000
0000011100000000000000000000
0000011111111000000000000000
0000111100011100000000000000
0000111000001100000000000000
0000111000001100000000000000
0000111000001100000000000000
0000011000001100000000000000
0000001100011000000000000000
0000000111110000000000000000
0000000000000000000000000000
0000000000000000000000000000
0000000000000000000000000000
0000000000000000000000000000
0000000000000000000000000000
0000000000000000000000000000
0000000000000000000000000000
0000000000000000000000000000
