0000000000000000000000000000
0000000000000000000000000000
0000000000000000000000000000
0000000000000000000000000000
0000000000000000000000000000
0000000000000000000000000000
0000000000000000000000000000
0000000000000000000000000000
0000000000000000000000000000
0000000000000000011111110000
0000000000000000111111110000
0000000000000001110000000000
0000000000000011100000000000
0000000000000011100000000000
0000000000000011100000000000
0000000000000111111111110000
0000000000000111111011111000
0000000000000111100000111000
0000000000000111100000111100
0000000000000111100000111100
0000000000000011100000111000
0000000000000011110000111000
0000000000000001111111110000
0000000000000000110111100000
0000000000000000000000000000
0000000000000000000000000000
0000000000000000000000000000
0000000000000000000000000000
