0000000000000000000000000000
0000000000000000000000000000
0000000000000000000000000000
0000000000000000000000000000
0000000000000000000000000000
0000000000000000000000000000
0000000000000000000000000000
0000000000000000000000000000
0000000000000000000000000000
0000000000000000000000000000
0000000001111100000000000000
0000000011101100000000000000
0000000011001100000000000000
0000000011111000000000000000
0000000111111100000000000000
0000000111111100000000000000
0000000111001110000000000000
0000000111001110000000000000
0000000011001100000000000000
0000000011111100000000000000
0000000001111000000000000000
0000000000010000000000000000
0000000000000000000000000000
0000000000000000000000000000
0000000000000000000000000000
0000000000000000000000000000
0000000000000000000000000000
0000000000000000000000000000
