0000000000000000000000000000
0000000000000000000000000000
0000000000000000000000000000
0000000000000000000000000000
0000000000000000000000000000
0000000000000000000000000000
0000000000000000000000000000
0000000000000000000000000000
0000000000000000000000000000
0000000000000000000000000000
0000000011111110000000000000
0000001111111111000000000000
0000011111000011000000000000
0000111100000000000000000000
0000111000000000000000000000
0001111000000000000000000000
0001111011111100000000000000
0001111111111111000000000000
0001111110001111100000000000
0001111000000111100000000000
0001111000000011100000000000
0001111000000011100000000000
0001111000000011100000000000
0000111100000111100000000000
0000111110001111000000000000
0000011111111111000000000000
0000000111111100000000000000
0000000000000000000000000000
