0000000000000000000000000000
0000000000000000000000000000
0000000000000000000000000000
0000000000000000000000000000
0000000000000000000000000000
0000000000000000000000000000
0000000000000000000000000000
0000000000000000000000000000
0000000000000000000000000000
0000000000000000000000000000
0000000000000000000000000000
0000000000000000000000000000
0000000000000000000000000000
0000000000000000000000000000
0000000000000000111111000000
0000000000000001111111100000
0000000000000011110011100000
0000000000000111100000000000
0000000000000111000000000000
0000000000001110000000000000
0000000000001110000000000000
0000000000001111111111000000
0000000000001111111111100000
0000000000001111100111100000
0000000000001111000011110000
0000000000001110000001110000
0000000000001110000001110000
0000000000001110000001110000
