0000000000000000000000000000
0000000000000000000000000000
0000000000000000000000000000
0000000000000000000000000000
0000000000000000000000000000
0000000000000000000000000000
0000000000000000000000000000
0000000000000000000000000000
0000000000000000000000000000
0000000000000000000000000000
0000000000000000000000000000
0000000000000000000000000000
0000000000011111000000000000
0000000001111111100000000000
0000000001111111100000000000
0000000011110011100000000000
0000000011100000000000000000
0000000011111111100000000000
0000000011111111100000000000
0000000011111111110000000000
0000000011110011110000000000
0000000011110011110000000000
0000000011110011110000000000
0000000001111011110000000000
0000000001111111100000000000
0000000000111111000000000000
0000000000001100000000000000
0000000000000000000000000000
