0000000000000000000000000000
0000000000000000000000000000
0000000000000000000000000000
0000000000000000000000000000
0000000000000000000000000000
0000000000000000000000000000
0000000000000000000000000000
0000000000000000000000000000
0000000000000000000000000000
0000000000000000000000000000
0000000000111100000000000000
0000000001111110000000000000
0000000011111110000000000000
0000000011100000000000000000
0000000111111000000000000000
0000000111111110000000000000
0000000111111110000000000000
0000000111101111000000000000
0000000111000111000000000000
0000000111000111000000000000
0000000111000111000000000000
0000000011101110000000000000
0000000011111110000000000000
0000000001111100000000000000
0000000000000000000000000000
0000000000000000000000000000
0000000000000000000000000000
0000000000000000000000000000
