0000000000000000000000000000
0000000000000000000000000000
0000000000000000000000000000
0000000000000000000000000000
0000000000000011111110000000
0000000000000111111110000000
0000000000001111000110000000
0000000000001110000000000000
0000000000011100000000000000
0000000000011100000000000000
0000000000011000000000000000
0000000000111000110000000000
0000000000111111111100000000
0000000000111111111110000000
0000000000111110001111000000
0000000000111100000111000000
0000000000111000000111000000
0000000000111000000111000000
0000000000011000000111000000
0000000000011000000111000000
0000000000011100000111000000
0000000000011100000111000000
0000000000001111001110000000
0000000000001111111110000000
0000000000000111111000000000
0000000000000000000000000000
0000000000000000000000000000
0000000000000000000000000000
