0000000000000000000000000000
0000000000000000000000000000
0000000000000000000000000000
0000000000001100000000000000
0000000001111110000000000000
0000000011111110000000000000
0000000111100000000000000000
0000000111000000000000000000
0000000110000000000000000000
0000001110111000000000000000
0000001111111110000000000000
0000001111111111000000000000
0000001110000011000000000000
0000001100000011100000000000
0000001100000011100000000000
0000001110000011100000000000
0000000110000011000000000000
0000000111101111000000000000
0000000011111110000000000000
0000000001111100000000000000
0000000000000000000000000000
0000000000000000000000000000
0000000000000000000000000000
0000000000000000000000000000
0000000000000000000000000000
0000000000000000000000000000
0000000000000000000000000000
0000000000000000000000000000
