0000000000000000000000000000
0000000000000000000000000000
0000000000000000000000000000
0000000000000000000000000000
0000000000000000000000000000
0000000000000000000000000000
0000000000000111000000000000
0000000000111111000000000000
0000000001111111000000000000
0000000001100000000000000000
0000000011000000000000000000
0000000011000000000000000000
0000000111000000000000000000
0000000111111110000000000000
0000000111111111000000000000
0000000111000011100000000000
0000000110000001100000000000
0000000110000001110000000000
0000000110000001110000000000
0000000110000001110000000000
0000000111000001100000000000
0000000011000001100000000000
0000000011110111100000000000
0000000001111111000000000000
0000000000111100000000000000
0000000000000000000000000000
0000000000000000000000000000
0000000000000000000000000000
