0000000000000000000000000000
0000000000000000000000000000
0000000000000000000000000000
0000000000000000000000000000
0000000000000000000000000000
0000000000000000000000000000
0000000000000000000000000000
0000000000000000000000000000
0000000000000000000000000000
0000000000000000000000000000
0000000000000000000000000000
0000000000000000000000000000
0000000000000000000000000000
0000000000000000000000000000
0000000000000000000000000000
0000000000000000000000000000
0000000000000000000000000000
0000000000000000100000000000
0000000000000011100000000000
0000000000000111000000000000
0000000000000110000000000000
0000000000001100000000000000
0000000000011000000000000000
0000000000011011000000000000
0000000000011011100000000000
0000000000011001100000000000
0000000000111001110000000000
0000000000110000110000000000
