0000000000000000000000000000
0000000000000000000000000000
0000000000000000000000000000
0000000000000000000000000000
0000000000000000000000000000
0000000000000000000000000000
0000000000000000000000000000
0000000000000111111000000000
0000000000011111111000000000
0000000000011110111000000000
0000000000111000000000000000
0000000000111000000000000000
0000000001110000000000000000
0000000001110000000000000000
0000000001110000000000000000
0000000001110111110000000000
0000000001111111111000000000
0000000001111100111100000000
0000000001111000011100000000
0000000001110000011100000000
0000000001110000001100000000
0000000001110000001100000000
0000000001110000001100000000
0000000001110000011100000000
0000000001111000011100000000
0000000000111000111100000000
0000000000111111111000000000
0000000000011111110000000000
