0000000000000000000000000000
0000000000000000000000000000
0000000000000000000000000000
0000000000000000000000000000
0000000001000000000000000000
0000000111110000000000000000
0000001111111000000000000000
0000011100110000000000000000
0000011000000000000000000000
0000011111000000000000000000
0000111111110000000000000000
0000111111111000000000000000
0000111100111000000000000000
0000011100111000000000000000
0000011100111000000000000000
0000011100111000000000000000
0000001111110000000000000000
0000000111110000000000000000
0000000000000000000000000000
0000000000000000000000000000
0000000000000000000000000000
0000000000000000000000000000
0000000000000000000000000000
0000000000000000000000000000
0000000000000000000000000000
0000000000000000000000000000
0000000000000000000000000000
0000000000000000000000000000
