0000000000000000000000000000
0000000000000000000000000000
0000000000000000000000000000
0000000000000000000000000000
0000000000000000000000000000
0000000000000000000000000000
0000000000000000000000000000
0000000000000000000000000000
0000000000000000001110000000
0000000000000000111000000000
0000000000000001110000000000
0000000000000001100000000000
0000000000000011000000000000
0000000000000011111110000000
0000000000000111100111000000
0000000000000111000111100000
0000000000000111000011100000
0000000000000110000011100000
0000000000000111000011100000
0000000000000011000011100000
0000000000000011100011000000
0000000000000001100110000000
0000000000000000111100000000
0000000000000000000000000000
0000000000000000000000000000
0000000000000000000000000000
0000000000000000000000000000
0000000000000000000000000000
