0000000000000000000000000000
0000000000000000000000000000
0000000000000000000000000000
0000000000000000000000000000
0000000000000000000000000000
0000000000000000000000000000
0000000000000000000000000000
0000000000000000000000000000
0000000000000000000000000000
0000000000000000000000000000
0000000000000000000111111000
0000000000000000111111111100
0000000000000001111110111000
0000000000000001110000000000
0000000000000011110000000000
0000000000000011100000000000
0000000000000111100111100000
0000000000000111111111111000
0000000000000111111111111100
0000000000000111110000011100
0000000000000111100000011110
0000000000000111100000011110
0000000000000011100000011110
0000000000000011100000011110
0000000000000011110000111100
0000000000000001111111111100
0000000000000000111111110000
0000000000000000000000000000
