0000000000000000000000000000
0000000000000000000000000000
0000000000000000000000000000
0000000000000000000000000000
0000000000001111000000000000
0000000001111111110000000000
0000000001111001111000000000
0000000011100000111000000000
0000000111000000000000000000
0000000111111111000000000000
0000000111111111110000000000
0000000111110001111000000000
0000000111000000111100000000
0000000111000000111100000000
0000000111000000111100000000
0000000111100000111000000000
0000000011111111110000000000
0000000000111111100000000000
0000000000000000000000000000
0000000000000000000000000000
0000000000000000000000000000
0000000000000000000000000000
0000000000000000000000000000
0000000000000000000000000000
0000000000000000000000000000
0000000000000000000000000000
0000000000000000000000000000
0000000000000000000000000000
