0000000000000000000000000000
0000000000000000000000000000
0000000000000000000000000000
0000000000000000000000000000
0000000000000000000000000000
0000000000000000000000000000
0000000000000000000000000000
0000000000001110000000000000
0000000000111000000000000000
0000000001110000000000000000
0000000001100000000000000000
0000000011100000000000000000
0000000011111110000000000000
0000000011111111000000000000
0000000011100111000000000000
0000000011100011100000000000
0000000011100011000000000000
0000000001100011000000000000
0000000001111110000000000000
0000000000011100000000000000
0000000000000000000000000000
0000000000000000000000000000
0000000000000000000000000000
0000000000000000000000000000
0000000000000000000000000000
0000000000000000000000000000
0000000000000000000000000000
0000000000000000000000000000
