0000000000000000000000000000
0000000000000000000000000000
0000000000000000000000000000
0000000000000000000000000000
0000000000000000000000000000
0000000000000000000000000000
0000000000000000000000000000
0000000000000000000000000000
0000000000000011111000000000
0000000000001111111100000000
0000000000011110000000000000
0000000000111100000000000000
0000000000111100000000000000
0000000000111111110000000000
0000000000111111111100000000
0000000000111111111100000000
0000000000111111111100000000
0000000000111100001100000000
0000000000111100001100000000
0000000000111100001100000000
0000000000111100011110000000
0000000000011110011100000000
0000000000011111111100000000
0000000000000011110000000000
0000000000000000000000000000
0000000000000000000000000000
0000000000000000000000000000
0000000000000000000000000000
