0000000000000000000000000000
0000000000000000000000000000
0000000000000000000000000000
0000000000000000000000000000
0000000000000000000000000000
0000000000000000000000000000
0000000000000000000000000000
0000000000000000000000000000
0000000000000000000000000000
0000000110000000000000000000
0000011000000000000000000000
0000110000000000000000000000
0000110000000000000000000000
0001100000000000000000000000
0001100000000000000000000000
0001111110000000000000000000
0011100011000000000000000000
0011000011100000000000000000
0011000001100000000000000000
0011000001100000000000000000
0011000001100000000000000000
0011000001100000000000000000
0001100001100000000000000000
0001100001000000000000000000
0000110010000000000000000000
0000011100000000000000000000
0000000000000000000000000000
0000000000000000000000000000
