0000000000000011111110000000
0000000000000111100010000000
0000000000001111000000000000
0000000000001110000000000000
0000000000011100000000000000
0000000000011100111000000000
0000000000011111111110000000
0000000000011111111111000000
0000000000011100000111100000
0000000000011000000011100000
0000000000011000000011100000
0000000000011000000011100000
0000000000011100000011100000
0000000000011100000011100000
0000000000001111001111000000
0000000000000111111110000000
0000000000000011111100000000
0000000000000000000000000000
0000000000000000000000000000
0000000000000000000000000000
0000000000000000000000000000
0000000000000000000000000000
0000000000000000000000000000
0000000000000000000000000000
0000000000000000000000000000
0000000000000000000000000000
0000000000000000000000000000
0000000000000000000000000000
