0000000000000000000000000000
0000000000000000000000000000
0000000000000000000000000000
0000000000000000000000000000
0000000000000000000000000000
0000000000000000000000000000
0000000000000000000000000000
0000000000000000000000000000
0000000000000000000000000000
0000000000000000000000000000
0000000000000000000000000000
0000000000000000000000000000
0000000000000000000000000000
0000000000000000000000000000
0000000000000000011111100000
0000000000000000111111100000
0000000000000001111001100000
0000000000000011100000000000
0000000000000011100000000000
0000000000000011100000000000
0000000000000011001110000000
0000000000000011111111100000
0000000000000111111011110000
0000000000000111100001110000
0000000000000111000000110000
0000000000000011000000110000
0000000000000011100000110000
0000000000000011100001110000
