0000000000000000000000000000
0000000000000000000000000000
0000000000000000000000000000
0000000000000000000000000000
0000000000000000000000000000
0000000000000000000000000000
0000000000000000000000000000
0000000000000000000000000000
0000000000000000000000000000
0000000000000000000000000000
0000000000000000000000000000
0000000000000000000000000000
0000000000000000111110000000
0000000000000001111111000000
0000000000000011100011100000
0000000000000011000001000000
0000000000000111000000000000
0000000000000111111110000000
0000000000000111111111000000
0000000000000111000011100000
0000000000000111000001100000
0000000000000111000001100000
0000000000000011000001100000
0000000000000011100011000000
0000000000000001111111000000
0000000000000000111110000000
0000000000000000000000000000
0000000000000000000000000000
