0000000000000000000000000000
0000000000000000000000000000
0000000000000000000000000000
0000000000000000000000000000
0000000000000000000000000000
0000000000000001111111000000
0000000000000011111111000000
0000000000000111000000000000
0000000000001110000000000000
0000000000001110000000000000
0000000000001110111100000000
0000000000001111111110000000
0000000000001111001111000000
0000000000001110000111000000
0000000000001110000011100000
0000000000001110000011100000
0000000000001110000011100000
0000000000001110000111000000
0000000000000111101111000000
0000000000000011111110000000
0000000000000000110000000000
0000000000000000000000000000
0000000000000000000000000000
0000000000000000000000000000
0000000000000000000000000000
0000000000000000000000000000
0000000000000000000000000000
0000000000000000000000000000
