0000000000000000000000000000
0000000000000000000000000000
0000000000000000000000000000
0000000000000000000000000000
0000000000000000000000000000
0000000000000000000000000000
0000000000000000000000000000
0000000000000000000000000000
0000000000000000000000000000
0000000000000000000000000000
0000000000000000000000000000
0000000000000000000000110000
0000000000000000000011100000
0000000000000000001110000000
0000000000000000011100000000
0000000000000000111011000000
0000000000000000111011110000
0000000000000000111000111000
0000000000000000110000011000
0000000000000000110000011000
0000000000000000111000011000
0000000000000000011100110000
0000000000000000000000000000
0000000000000000000000000000
0000000000000000000000000000
0000000000000000000000000000
0000000000000000000000000000
0000000000000000000000000000
