0000000000000000000000000000
0000000000000001000000000000
0000000000001111111000000000
0000000000011111111100000000
0000000000111100011100000000
0000000000111000001110000000
0000000001110000000100000000
0000000001110000000000000000
0000000001111111110000000000
0000000001111111111100000000
0000000001111110111100000000
0000000001111000011110000000
0000000001110000001110000000
0000000001110000001110000000
0000000001110000001110000000
0000000001110000001110000000
0000000000111000011110000000
0000000000111111111100000000
0000000000011111111000000000
0000000000000111100000000000
0000000000000000000000000000
0000000000000000000000000000
0000000000000000000000000000
0000000000000000000000000000
0000000000000000000000000000
0000000000000000000000000000
0000000000000000000000000000
0000000000000000000000000000
