0000000000000000000000000000
0000000000000000000000000000
0000000000000000000000000000
0000000000000000000000000000
0000000000000000000000000000
0000000000000000000000000000
0000000000000000000000000000
0000000000000000000000000000
0000000000000000000000000000
0000000000000000000000000000
0000000000000000000000000000
0000000000000000000000000000
0000000000000000000000000000
0000000000011111000000000000
0000000001111000000000000000
0000000011110000000000000000
0000000111100000000000000000
0000000111000000000000000000
0000001111111111000000000000
0000001111111111100000000000
0000001111000111100000000000
0000001111000011110000000000
0000001111000011100000000000
0000000111000011100000000000
0000000111100111000000000000
0000000011111111000000000000
0000000000110000000000000000
0000000000000000000000000000
