0000000000000000000000000000
0000000000000000000000000000
0000000000000000000000000000
0000000000000000000000000000
0000000000000000000000000000
0000000000000000000000000000
0000000000000000000000000000
0000000011111100000000000000
0000000111111110000000000000
0000000111001110000000000000
0000001110000111000000000000
0000001110000010000000000000
0000001100000000000000000000
0000011111111100000000000000
0000011111111110000000000000
0000011111001111000000000000
0000011100000111000000000000
0000011100000111000000000000
0000011100000111000000000000
0000011100000111000000000000
0000001110000111000000000000
0000001111111110000000000000
0000000111111110000000000000
0000000011111000000000000000
0000000000000000000000000000
0000000000000000000000000000
0000000000000000000000000000
0000000000000000000000000000
