0000000000000000000000000000
0000000000000000000000000000
0000000000000000000000000000
0000000000000000000000000000
0000000000000000000000000000
0000000000000000000000000000
0000000000000000011111000000
0000000000000000111111100000
0000000000000001111111100000
0000000000000011110000000000
0000000000000011111110000000
0000000000000011111111100000
0000000000000011111111100000
0000000000000011110111110000
0000000000000011110011110000
0000000000000011110011110000
0000000000000011110011110000
0000000000000011110011110000
0000000000000001111111100000
0000000000000000111111000000
0000000000000000011110000000
0000000000000000000000000000
0000000000000000000000000000
0000000000000000000000000000
0000000000000000000000000000
0000000000000000000000000000
0000000000000000000000000000
0000000000000000000000000000
