0000000000000000000000000000
0000000000000000000000000000
0000000000000000000000000000
0000000000000000000000000000
0000000000000000000000000000
0000000000000000000000000000
0000000000000000000000000000
0000000000000000000000000000
0000000000000000000000000000
0000000000000000000000000000
0000000000000000000000000000
0000000000000000000000000000
0000000000000010000000000000
0000000000001111000000000000
0000000000001001000000000000
0000000000001001100000000000
0000000000011111000000000000
0000000000011111000000000000
0000000000011001100000000000
0000000000011001100000000000
0000000000011001100000000000
0000000000001101100000000000
0000000000001111000000000000
0000000000000110000000000000
0000000000000000000000000000
0000000000000000000000000000
0000000000000000000000000000
0000000000000000000000000000
