0000000000000000000000000000
0000000000000000000000000000
0000000000000000000000000000
0000000000000000000000000000
0000000000000000010000000000
0000000000000011111100000000
0000000000000111011110000000
0000000000001110000110000000
0000000000001110000010000000
0000000000001100110000000000
0000000000001111111100000000
0000000000011111111110000000
0000000000011110000111000000
0000000000001100000111000000
0000000000001100000111000000
0000000000001110000111000000
0000000000001111001110000000
0000000000000111111100000000
0000000000000001111000000000
0000000000000000000000000000
0000000000000000000000000000
0000000000000000000000000000
0000000000000000000000000000
0000000000000000000000000000
0000000000000000000000000000
0000000000000000000000000000
0000000000000000000000000000
0000000000000000000000000000
