0000000000000000000000000000
0000000000000000000000000000
0000000000000000000000000000
0000000000000000000000000000
0000000000000000000000000000
0000000000000000000000000000
0000000000001111100000000000
0000000000111111110000000000
0000000001111111111000000000
0000000011110000111100000000
0000000011100000011100000000
0000000011100000011000000000
0000000111000010000000000000
0000000111011111110000000000
0000000111111111111000000000
0000000111111001111000000000
0000000111100000011100000000
0000000111100000011100000000
0000000111100000011100000000
0000000111100000011100000000
0000000011100000011100000000
0000000011100000011100000000
0000000011110000111100000000
0000000001111111111000000000
0000000000111111110000000000
0000000000011111100000000000
0000000000000000000000000000
0000000000000000000000000000
