0000000000000000000000000000
0000000000000000000000000000
0000000000000000000000000000
0000000000000000000000000000
0000000000000110000000000000
0000000000011111000000000000
0000000000111111100000000000
0000000001110001110000000000
0000000001100000110000000000
0000000001100000110000000000
0000000011000110000000000000
0000000011111111000000000000
0000000011111111100000000000
0000000011110001110000000000
0000000011100000110000000000
0000000011100000110000000000
0000000011100000110000000000
0000000011100000110000000000
0000000011100000110000000000
0000000001110001110000000000
0000000001111011110000000000
0000000000111111100000000000
0000000000011111000000000000
0000000000000000000000000000
0000000000000000000000000000
0000000000000000000000000000
0000000000000000000000000000
0000000000000000000000000000
