0000000000000000000000000000
0000000000000000000000000000
0000000000000000000000000000
0000000000000000000000000000
0000000000000000000000000000
0000000000000011000000000000
0000000000011111000000000000
0000000000111000000000000000
0000000001110000000000000000
0000000011100000000000000000
0000000011100000000000000000
0000000111100110000000000000
0000000111111111100000000000
0000000111111111100000000000
0000000111100011110000000000
0000000111000011110000000000
0000000111000001110000000000
0000000111000001110000000000
0000000011100011100000000000
0000000011110111100000000000
0000000001111110000000000000
0000000000000000000000000000
0000000000000000000000000000
0000000000000000000000000000
0000000000000000000000000000
0000000000000000000000000000
0000000000000000000000000000
0000000000000000000000000000
