0000000000000000000000000000
0000000000000000000000000000
0000000000000000000000000000
0000000000000000000000000000
0000000000000000000000000000
0000000000000000000000000000
0000000000000000000000000000
0000000000000000000000000000
0000000000000000000000000000
0000000000000000000000000000
0000000000000000000000000000
0000000000000000000000000000
0000001111000000000000000000
0000011111000000000000000000
0000111000000000000000000000
0000110000000000000000000000
0001110000000000000000000000
0001111111000000000000000000
0001110011100000000000000000
0001100001100000000000000000
0001110001100000000000000000
0000110011100000000000000000
0000111111000000000000000000
0000011110000000000000000000
0000000000000000000000000000
0000000000000000000000000000
0000000000000000000000000000
0000000000000000000000000000
