0000000000000000000000000000
0000000000000000000000000000
0000000000000000000000000000
0000000000000000000000000000
0000000000000000000000000000
0000000000000000000000000000
0000000000000000000000000000
0000000000000000000000000000
0000000000000000000000000000
0000000000011000000000000000
0000000000110000000000000000
0000000001100000000000000000
0000000001000000000000000000
0000000011000000000000000000
0000000011000000000000000000
0000000111111000000000000000
0000000111001100000000000000
0000000110001110000000000000
0000000110000110000000000000
0000000110000110000000000000
0000000110000110000000000000
0000000110000110000000000000
0000000010000100000000000000
0000000011001100000000000000
0000000001111000000000000000
0000000000100000000000000000
0000000000000000000000000000
0000000000000000000000000000
