0000000000000000000000000000
0000000000000000000000000000
0000000000000000000000000000
0000000000000000000000000000
0000000000000000000000000000
0000000000000000000000000000
0000000000000000000000000000
0000000000000000000000000000
0000000000000000000000000000
0000000000000000000000000000
0000000000000000000000000000
0000000000000000000000000000
0000000000000000000000000000
0000001111111110000000000000
0000011111111110000000000000
0000011100000111000000000000
0000111000000111000000000000
0001111000000000000000000000
0001110011111000000000000000
0001111111111110000000000000
0001111110001111000000000000
0001111000000111100000000000
0001111000000111100000000000
0001110000000011100000000000
0000111000000111100000000000
0000111100001111000000000000
0000011111111111000000000000
0000001111111100000000000000
