0000000000000000000000000000
0000000000000000000000000000
0011111111111111111111111100
0011000000000000000000000000
0011000000000000000000000000
0011000000000000000000000000
0011000000000000000000000000
0011000000001111110000000000
0011000000011111111000000000
0011000000111111111100000000
0011000000111100111100000000
0011000001111100011000000000
0011000001111111111000000000
0011000001111111111000000000
0011000001111111111100000000
0011000001111100111100000000
0011000001111000011110000000
0011000001111000011100000000
0011000001111000011100000000
0011000000111100111100000000
0011000000111111111100000000
0011000000011111111000000000
0011000000000111100000000000
0011000000000000000000000000
0011000000000000000000000000
0011000000000000000000000000
0000000000000000000000000000
0000000000000000000000000000
