0000000000000000000000000000
0000000000000000000000000000
0000000000000000000000000000
0000000000000000000000000000
0000000000000000000000000000
0000000000000000000000000000
0000000000000001000000000000
0000000000000111111000000000
0000000000001111111000000000
0000000000011100011100000000
0000000000011000001100000000
0000000000011000000000000000
0000000000011111110000000000
0000000000111111111000000000
0000000000111100011100000000
0000000000011000001100000000
0000000000011000001100000000
0000000000011000001100000000
0000000000011100011100000000
0000000000001111111000000000
0000000000000111110000000000
0000000000000000000000000000
0000000000000000000000000000
0000000000000000000000000000
0000000000000000000000000000
0000000000000000000000000000
0000000000000000000000000000
0000000000000000000000000000
