0000000000000000000000000000
0000000000000000000000000000
0010000000000000000000000000
0010000000000000000000000000
0010000000000000000000000000
0010000000000000000000000000
0010000000000000110000000000
0010000000000011111100000000
0010000000000111011100000000
0010000000001100000110000000
0010000000001100000000000000
0010000000011001110000000000
0010000000011011111000000000
0010000000011111011100000000
0010000000011100001110000000
0010000000011100000110000000
0010000000011100000110000000
0010000000001100001110000000
0010000000001110011110000000
0010000000000111111100000000
0010000000000011110000000000
0010000000000000000000000000
0010000000000000000000000000
0010000000000000000000000000
0010000000000000000000000000
0010000000000000000000000000
0000000000000000000000000000
0000000000000000000000000000
