0000000000000000000000000000
0000000000000000000000000000
0011000000000000000000000000
0010000000000000000000000000
0010000000000000000000000000
0010000000000011110000000000
0010000000000111111000000000
0010000000001111111100000000
0010000000011100011100000000
0010000000111100000000000000
0010000000111110000000000000
0011000000111111111000000000
0011000000111111111100000000
0011000000111110011100000000
0011000000111000001110000000
0011000000111000001110000000
0011000000111000001110000000
0011000000111100011100000000
0011000000011111111100000000
0011000000001111111000000000
0010000000000011100000000000
0010000000000000000000000000
0010000000000000000000000000
0011000000000000000000000000
0011000000000000000000000000
0011111111111111000011111100
0000000000000000000000000000
0000000000000000000000000000
