0000000000000000000000000000
0000000000000000000000000000
0011111111111111111111111100
0000000000000000000000100000
0000000000000000000000100000
0000000000000000000000100000
0000000000000000000000100000
0000000000000000000000100000
0000000011110000000000100000
0000001111111000000000010000
0000011100001100000000010000
0000011000001100000000010000
0000011000000000000000010000
0000111011111000000000010000
0000011111111100000000010000
0000011100001100000000010000
0000011000000110000000010000
0000011000000110000000010000
0000011000000110000000010000
0000001100001110000000010000
0000001111111100000000001000
0000000011111000000000001000
0000000000000000000000001000
0000000000000000000000001000
0000000000000000000000001000
0000000000000000000000001000
0000000000000000000000000000
0000000000000000000000000000
