0000000000000000000000000000
0000000000000000000000000000
0010000000000000000000000000
0010000000000000000000000000
0010000000000000000000000000
0010000000000000100000000000
0010000000000011111100000000
0010000000000111111110000000
0010000100001111001111000000
0010000000011100000111000000
0010000000011100000010000000
0010000000011101111000000000
0011000000011111111110000000
0010000000011111111110000000
0011000000011110000111001000
0011000000011100000111000000
0011000000011100000111000000
0011000000011100000111000000
0011000010011110000111000000
0011000010011110001111010000
0011000000001111111110000000
0011000000000111111110000000
0001000000000001100000000000
0001000000010001010000000000
0001000000000000001000000000
0001000000000000000000000000
0000000000000000000000000000
0000000000000000000000000000
