0000000000000000000000000000
0000000000000000000000000000
0000000000000000000000000000
0000000000000000000000000000
0000000000000000000000000000
0000000000000000000000000000
0000000000111110000000000000
0000000001111111000000000000
0000000011100011100000000000
0000000111000001100000000000
0000000110000000000000000000
0000000110000000000000000000
0000001110111110000000000000
0000001111111111100000000000
0000001111000011100000000000
0000001110000001110000000000
0000001110000001110000000000
0000001110000001110000000000
0000000110000001100000000000
0000000111000011100000000000
0000000011111111000000000000
0000000001111110000000000000
0000000000000000000000000000
0000000000000000000000000000
0000000000000000000000000000
0000000000000000000000000000
0000000000000000000000000000
0000000000000000000000000000
