0000000000000000000000000000
0000000000000000000000000000
0000000000000000000000000000
0000000000000000000000000000
0000000000000000000000000000
0000000000111111100000000000
0000000001111111100000000000
0000000001100001110000000000
0000000011100000110000000000
0000000011000000000000000000
0000000011001110000000000000
0000000011111111100000000000
0000000111111011110000000000
0000000011100001110000000000
0000000011000000111000000000
0000000011000000111000000000
0000000011000000111000000000
0000000011000000110000000000
0000000011100001110000000000
0000000001111111100000000000
0000000000111111000000000000
0000000000000000000000000000
0000000000000000000000000000
0000000000000000000000000000
0000000000000000000000000000
0000000000000000000000000000
0000000000000000000000000000
0000000000000000000000000000
