0000000000000000000000000000
0000000000000000000000000000
0000000000000000000000000000
0000000000000000000000000000
0000000000000000000000000000
0000000000000011111100000000
0010000000000111111110000000
0010000000001110001110000000
0010000000001100000111000000
0010000000011100000000000000
0010000000011000000000000000
0010000000011011111100000000
0010000000011111111110000000
0010000000011100000110000000
0010000000111000000111000000
0010000000011000000111000000
0010000000011000000110000000
0010000000011000000110000000
0010000000011100001110000000
0010000000001111111100000000
0010000000000111111000000000
0010000000000000000000000000
0010000000000000000000000000
0010000000000000000000000000
0010000000000000000000000000
0010000000000000000000000000
0000000000000000000000000000
0000000000000000000000000000
