0000000000000000000000000000
0000000000000000000000000000
0000000000000000000000011000
0000000000000000000000111000
0000000111111000000000110000
0000001111111100000000110000
0000011100011100000000111000
0000011000001110000000110000
0000111000000000000000111000
0000110000000000000000110000
0000110111111000000000110000
0000111111111100000000110000
0001111000011100000000110000
0001111000001110000000110000
0000110000001110000000110000
0000110000001110000000110000
0000110000001100000000110000
0000111000011100000000110000
0000011111111000000000110000
0000001111110000000000110000
0000000000000000000000110000
0000000000000000000000110000
0000000000010000000000110000
0000000000000000000000110000
0000000000000000000000110000
0000000001111111111111110000
0000000000000000000000000000
0000000000000000000000000000
