0000000000000000000000000000
0000000000000000000000000000
0011000000000000000000000000
0011000000000000000000000000
0011000000000000000000000000
0011000000000000000000000000
0011000000000000000000000000
0011000000000001111110000000
0011000000000011111111000000
0011000000000011000011100000
0011000000000111000001100000
0011000000000110000000000000
0011000000001110000000000000
0011000000001111111110000000
0011000000001111111111000000
0011000000001111000011100000
0011000000001110000011100000
0011000000001110000001100000
0011000000001110000001100000
0011000000001110000001100000
0011000000000110000011100000
0011000000000111000111000000
0011000000000011111111000000
0011000000000001111100000000
0011000000000000000000000000
0011000000000000000000000000
0000000000000000000000000000
0000000000000000000000000000
