0000000000000000000000000000
0000000000000000000000000000
0000000000011110000000000000
0000000000111111100000000000
0000000001110011110000000000
0000000011100001110000000000
0000000011000000110000000000
0000000111000000000000000000
0000000110011110000000000000
0000000111111111100000000000
0000000111100001110000000000
0000000111000000110000000000
0000000111000000110000000000
0000000111000000110000000000
0000000111000000110000000000
0000000111000001110000000000
0000000011100011100000000000
0000000001111111000000000000
0000000000011110000000000000
0000000000000000000000000000
0000000000000000000000000000
0000000000000000000000000000
0000000000000000000000000000
0000000000000000000000000000
0011100000000000000000000000
0000000000000000000000000000
0000000000000000000000000000
0000000000000000000000000000
