0000000000000000000000000000
0000000000000000000000000000
0000000000000000000000000000
0000000000000000000000000000
0000000000000010000000000000
0000000000011111100000000000
0000000000111111110000000000
0000000000111001110000000000
0000000001110000000000000000
0000000001111111000000000000
0000000001111111110000000000
0000000001111011110000000000
0000000001110001110000000000
0000000001110001110000000000
0000000001111001110000000000
0000000000111111110000000000
0000000000111111100000000000
0000000000001110000000000000
0000000000000000000000000000
0000000000000000000000000000
0000000000000000000000000000
0000000000000000000000000000
0000000000000000000000000000
0000000000000000000000000000
0000000000000000000000000000
0000000000000000000000000000
0000000000000000000000000000
0000000000000000000000000000
