0000000000000000000000000000
0000000000000000000000000000
0000000000000000000000000000
0000000000000000000000000000
0000000000000000000000000000
0000000000000000000000000000
0000000000011111100000000000
0000000000111111110000000000
0000000001100000110000000000
0000000001100000110000000000
0000000011000000000000000000
0000000011000000000000000000
0000000011011111100000000000
0000000011111011110000000000
0000000011100000110000000000
0000000011100000111000000000
0000000011000000011000000000
0000000011000000011000000000
0000000001100000111000000000
0000000001100000110000000000
0000000000110001110000000000
0000000000011111100000000000
0000000000000000000000000000
0000000000000000000000000000
0000000000000000000000000000
0000000000000000000000000000
0000000000000000000000000000
0000000000000000000000000000
