0000000000000000000000000000
0000000000000000000000000000
0000000000000000000000000100
0000000000000000000000000100
0000000000111100000000000100
0000000011111111000000000100
0000000111111111100000000100
0000000111000011100000000100
0000001110000011100000000100
0000001110000000000000000100
0000001111111110000000000100
0000001111111111000000000100
0000001111111111100000000100
0000001111000011100000000100
0000001110000001110000000100
0000001110000001110000000100
0000001110000001110000000100
0000000111000001110000000100
0000000111100111100000000100
0000000011111111100000000100
0000000001111111000000000100
0000000000001100000000000100
0000000000000000000000000100
0000000000000000000000000100
0000000000000000000000000100
0011111000000000000010000100
0000000000000000000000000000
0000000000000000000000000000
