0000000000000000000000000000
0000000000000000000000000000
0000000000000000000000000000
0000000000000000000000000000
0000000000000000000000000000
0000000000001111000000000000
0000000000111111100000000000
0000000001111111100000000000
0000000001110011100000000000
0000000001110000000000000000
0000000011111111000000000000
0000000011111111100000000000
0000000011111111110000000000
0000000011110011110000000000
0000000011110001110000000000
0000000001110011110000000000
0000000001111111100000000000
0000000001111111100000000000
0000000000111111000000000000
0000000000000000000000000000
0000000000000000000000000000
0000000000000000000000000000
0000000000000000000000000000
0000000000000000000000000000
0000000000000000000000000000
0000000000000000000000000000
0000000000000000000000000000
0000000000000000000000000000
