0000000000000000000000000000
0000000000000000000000000000
0000000000000000000000000000
0000000000000000000000000000
0000000000000000000000000000
0000000000000000000000000000
0000000000000000000000000000
0000000000000000000000000000
0000000000000000000000000000
0000000000000110000000000000
0000000000011111000000000000
0000000000010001100000000000
0000000000110000000000000000
0000000000110110000000000000
0000000000111111100000000000
0000000000110001100000000000
0000000000110000110000000000
0000000000110000110000000000
0000000000010001100000000000
0000000000011111100000000000
0000000000000110000000000000
0000000000000000000000000000
0000000000000000000000000000
0000000000000000000000000000
0000000000000000000000000000
0000000000000000000000000000
0000000000000000000000000000
0000000000000000000000000000
