0000000000000000000000000000
0000000000000000000000000000
0000000000000000000000000000
0000000000000000000000000000
0000000000011100000000000000
0000000001111111000000000000
0000000011111111100000000000
0000000011110011100000000000
0000000111000001110000000000
0000000111000001100000000100
0000000110011110000000000100
0000001111111111000000000100
0000001111111111100000000100
0010001111100011110000000100
0010001111000001110000000100
0011001110000001110000000100
0000101111000001110000000000
0000001111000011110000000000
0000001111100011110000000100
0000000111111111100000000100
0000000111111111000000000000
0000000101111110000000000100
0000000001010000000000000100
0000010011010000000000000100
0000101111001000000000000100
0011101111111100000000000100
0000000000000000000000000000
0000000000000000000000000000
