0000000000000000000000000000
0000000000000000000000000000
0000000000000000000000000000
0000000000000000000000000000
0000000000000000000000000000
0000000000000000000000000000
0000000000000000000000000000
0000000000011111100000000000
0000000000111111110000000000
0000000001110001110000000000
0000000001100000111000000000
0000000011100000000000000000
0000000011100000000000000000
0000000011011111100000000000
0000000011111111110000000000
0000000011110000111000000000
0000000011100000111000000000
0000000011100000011000000000
0000000011100000011000000000
0000000011100000111000000000
0000000001100000111000000000
0000000001111111110000000000
0000000000111111100000000000
0000000000001110000000000000
0000000000000000000000000000
0000000000000000000000000000
0000000000000000000000000000
0000000000000000000000000000
