0000000000000000000000000000
0000000000000000000000000000
0000000000000000000000000000
0000000000000000000000000000
0000000000000000000000000000
0000000000001111100000000000
0000000000011111110000000000
0000000000111000110000000000
0000000001110000000000000000
0000000001110000000000000000
0000000001111111100000000000
0000000001111111110000000000
0000000001111000111000000000
0000000001110000111000000000
0000000001110000111100000000
0000000001110000011000000000
0000000001110000111000000000
0000000000111101111000000000
0000000000011111110000000000
0000000000001111100000000000
0000000000000000000000000000
0000000000000000000000000000
0000000000000000000000000000
0010000000000000000000000000
0011111111111111111111111100
0011111111111111111111111100
0000000000000000000000000000
0000000000000000000000000000
