0000000000000000000000000000
0000000000000000000000000000
0000000000000000000000000000
0000000000000000000000000000
0000000000000000000000000000
0000000000000000000000000000
0000000000000010100000000000
0000000000001111111000000000
0000000000011111111000000000
0000000000111100111100000000
0000000000111100000000000000
0000000000111100000000000000
0000000001111111110000000000
0000000001111111111000000000
0000000001111111111100000000
0000000001111000011100000000
0000000001111000011100000000
0000000000111000011100000000
0000000000111000011100000000
0000000000011111111100000000
0000000000011111111000000000
0000000000001111100000000000
0000000000000000000000000000
0000000000000000000000000000
0000000000000000000000000000
0010000000000000000000000000
0000000000000000000000000000
0000000000000000000000000000
