0000000000000000000000000000
0000000000000000000000000000
0010000000000000000000000000
0010000000000000000000000000
0010000000000000000000000000
0010000000000000000000000000
0010000000000000000000000000
0010000000000111111000000000
0010000000001111111000000000
0010000000001110011100000000
0010000000011100000000000000
0010000000011111110000000000
0010000000011111111000000000
0010000000011110111100000000
0010000000011100011100000000
0010000000011100011100000000
0010000000011100011100000000
0010000000001111111000000000
0010000000001111111000000000
0010000000000011100000000000
0010000000000000000000000000
0010000000000000000000000000
0010000000000000000000000000
0010000000000000000000000000
0010000000000000000000000000
0010000000000000000000000000
0000000000000000000000000000
0000000000000000000000000000
