0000000000000000000000000000
0000000000000000000000000000
0000000000000000000000000000
0000000000000000000000000000
0000000000000000000000000000
0000000000000000000000000000
0000000000001111110000000000
0000000000011111111000000000
0000000000011111111000000000
0000000000111100111000000000
0000000000111111100000000000
0000000000111111110000000000
0000000000111111111000000000
0000000000111101111000000000
0000000000111000111000000000
0000000000111000111000000000
0000000000111101111000000000
0000000000011111111000000000
0000000000001111110000000000
0000000000000111000000000000
0000000000000000000000000000
0000000000000000000000000000
0000000000000000000000000000
0000000000000000000000000000
0000000000000000000000000000
0000000000000000000000000000
0000000000000000000000000000
0000000000000000000000000000
