0000000000000000000000000000
0000000000000000000000000000
0000000000000000000000000000
0000000000000000000000000000
0000000000000000000000000000
0000000000000111111000000000
0000000000001111111100000000
0000000000011100011100000000
0000000000011000000000000000
0000000000111000010000000000
0000000000111111111000000000
0000000000111111111100000000
0000000000111100111100000000
0000000000111000011100000000
0000000000111000001110000000
0000000000111000011110000000
0000000000111000011100000000
0000000000011110111100000000
0000000000001111111000000000
0000000000000111100000000000
0000000000000000000000000000
0000000000000000000000000000
0000000000000000000000000000
0010000000000000000000000000
0011111111111111111111111100
0011111111111111111111111100
0000000000000000000000000000
0000000000000000000000000000
