0000000000000000000000000000
0000000000000000000000000000
0010000000000000000000000000
0010000000000000000000000000
0010000000000000000000000000
0010000000000001100000000000
0010000000001111110000000000
0010000000011111111000000000
0010000000011100111100000000
0010000000111000000000000000
0010000000111100000000000000
0010000001111111110000000000
0010000001111111111000000000
0010000001111101111100000000
0010000001111000011100000000
0010000001111000011100000000
0010000001111000011100000000
0010000000111000111100000000
0010000000111111111100000000
0010000000011111111000000000
0010000000000111110000000000
0010000000000000000000000000
0010000000000000000000000000
0010000000000000000000000000
0010000000000000000000000000
0011111111111110011111101100
0000000000000000000000000000
0000000000000000000000000000
