0000000000000000000000000000
0000000000000000000000000000
0011111111111111111111111100
0010000000000000000000000000
0010000000000000000000000000
0010000000000000000000000000
0010000000000000000000000000
0010000000000000000000000000
0010000000000001110000000000
0010000000000111111000000000
0010000000001110011100000000
0010000000011100001100000000
0010000000011000000100000000
0010000000011000000000000000
0010000000011111111000000000
0010000000011110011100000000
0010000000011000001100000000
0010000000011000000110000000
0010000000011000000110000000
0010000000011000001100000000
0000000000011100001100000000
0000000000001111111000000000
0010000000000011110000000000
0000000000000000000000000000
0000000000000000000000000000
0000000000000000000000000000
0000000000000000000000000000
0000000000000000000000000000
