0000000000000000000000000000
0000000000000000000000000000
0000000000000000000000000000
0001110000000000000000000000
0000000000000000000000000000
0000000000000000000000000000
0000000000000000000000000000
0000000000000000000000000000
0000000000000000000000000000
0000000000000000000000000000
0000000000111110000000000000
0000000001111111000000000000
0000000011100011000000000000
0000000011000000000000000000
0000000011000000000000000000
0000000011111110000000000000
0000000011100011000000000000
0000000011000001100000000000
0000000011000001100000000000
0000000011000001100000000000
0000000011000011100000000000
0000000011100011000000000000
0000000001111111000000000000
0000000000011100000000000000
0000000000000000000000000000
0000000000000000000000000000
0000000000000000000000000000
0000000000000000000000000000
