0000000000000000000000000000
0000000000000000000000000000
0000000000000000000000000000
0000000000000000000000000000
0000000000000000000000000000
0000000000000000000000000000
0000000000000000000000000000
0000000000000000000000000000
0000000000000011100000000000
0000000000001111111000000000
0000000000001100011000000000
0000000000011000001000000000
0000000000011000000000000000
0000000000011111100000000000
0000000000111111111000000000
0000000000111100011000000000
0000000000111000001100000000
0000000000111000001100000000
0000000000011000001100000000
0000000000011000011100000000
0000000000001111111000000000
0000000000000111110000000000
0000000000000000000000000000
0000000000000000000000000000
0000000000000000000000000000
0000000000000000000000000000
0000000000000000000000000000
0000000000000000000000000000
