0000000000000000000000000000
0000000000000000000000000000
0011111111111111100000000000
0000000000000000000000000000
0000000000000000000000000000
0000000000000000000000000000
0000000000000000000000000000
0000000000000000000000000000
0000000000000000000000000000
0000000000000000000000000000
0000000000000000000000000000
0000000000000011100000000000
0000000000000111110000000000
0000000000001000010000000000
0000000000001000000000000000
0000000000011111110000000000
0000000000011100110000000000
0000000000011000010000000000
0000000000011000010000000000
0000000000001000010000000000
0000000000001111110000000000
0000000000000111000000000000
0000000000000000000000000000
0000000000000000000000000000
0000000000000000000000000000
0000000000000000000000000000
0000000000000000000000000000
0000000000000000000000000000
