0000000000000000000000000000
0000000000000000000000000000
0000000000000000000000000000
0000000000000000000000000000
0000000000000000000000000000
0000000000000000000000000000
0000000000000110000000000000
0000000000111111100000000000
0000000000111111100000000000
0000000001110011110000000000
0000000001110000000000000000
0000000001111111000000000000
0000000011111111100000000000
0000000011111111100000000000
0000000011110011110000000000
0000000001100001110000000000
0000000001110011110000000000
0000000001111111100000000000
0000000000111111100000000000
0000000000011111000000000000
0000000000000000000000000000
0000000000000000000000000000
0000000000000000000000000000
0000000000000000000000000000
0000000000000000000000000000
0000000000000000000000000000
0000000000000000000000000000
0000000000000000000000000000
