0000000000000000000000000000
0000000000000000000000000000
0000000000000000000000000000
0000000000000000000000000000
0000000000000000000000000000
0000000000011111100000000000
0000000000111111110000000000
0000000000111001110000000000
0000000000110000000000000000
0000000001110111000000000000
0000000001111111100000000000
0000000001111001110000000000
0000000000110000110000000000
0000000000110000110000000000
0000000000110000110000000000
0000000000111111110000000000
0000000000011111100000000000
0000000000001111000000000000
0000000000000000000000000000
0000000000000000000000000000
0000000000000000000000000000
0000000000000000000000000000
0000000000000000000000000000
0000000000000000000000000000
0000000000000000000000000000
0000000000000000000000000000
0000000000000000000000000000
0000000000000000000000000000
