0000000000000000000000000000
0000000000000000000000000000
0000000000000000000000000000
0000000000000000000000000000
0000000000000000000000000000
0000000000000000000000000000
0000000000000000000000000000
0000000000001111100000000000
0000000000011111111000000000
0000000000111100111000000000
0000000001110000011100000000
0000000001110000011100000000
0000000001100000000000000000
0000000011101111100000000000
0000000011111111111000000000
0000000011111000111100000000
0000000011110000011100000000
0000000011100000011100000000
0000000011100000011100000000
0000000011100000011100000000
0000000001110000011100000000
0000000001111000111000000000
0000000000111111110000000000
0000000000011111100000000000
0000000000000000000000000000
0000000000000000000000000000
0000000000000000000000000000
0000000000000000000000000000
