0000000000000000000000000000
0000000000000000000000000000
0000000000000000000000000000
0000000000001111110000000000
0000000000011111111000000000
0000000000111100111100000000
0000000001111000011100000000
0000000001110000000000000000
0000000001110000000000000000
0000000001111111110000000000
0000000001111111111000000000
0000000011111000111100000000
0000000011110000011100000000
0000000011110000011100000000
0000000001110000011100000000
0000000001110000011100000000
0000000001110000111000000000
0000000001111111111000000000
0000000000011111110000000000
0000000000001111000000000000
0000000000000000000000000000
0000000000000000000000000000
0000000000000000000000000000
0000000000000000000000000000
0011111111111111111111111100
0011111111111111111111111100
0000000000000000000000000000
0000000000000000000000000000
