0000000000000000000000000000
0000000000000000000000000000
0000000000000000000000000100
0000000000000000000000000100
0000000000000000000000000100
0000000000001100000000000100
0000000000111111100000000100
0000000001111111100000000100
0000000001111111110000000100
0000000011110011100000000100
0000000011111111000000000100
0000000011111111100000000100
0000000011111111110000000100
0000000011110111110000000100
0000000011110011110000000100
0000000001110011110000000100
0000000001111111110000000100
0000000001111111100000000100
0000000000011111000000000100
0000000000000010000000000100
0000000000000000000000000100
0000000000000000000000000100
0000000000000000000000000100
0000000000000000000000000100
0000000000000000000000000100
0000000000000000000000000100
0000000000000000000000000000
0000000000000000000000000000
