0000000000000000000000000000
0000000000000000000000000000
0000000000000000000000000000
0000000000000000000000000000
0000000000000000000000000000
0000000000000000000000000000
0000000000000000000000000000
0000000000011111110000000000
0000000000111111110000000000
0000000001110000000000000000
0000000011100000000000000000
0000000011100000000000000000
0000000011000000000000000000
0000000011001111100000000000
0000000011111111110000000000
0000000011110001111000000000
0000000011100000111000000000
0000000011000000111000000000
0000000011000000111000000000
0000000011000000111000000000
0000000011100000111000000000
0000000001110001110000000000
0000000001111111110000000000
0000000000111111000000000000
0000000000000000000000000000
0000000000000000000000000000
0000000000000000000000000000
0000000000000000000000000000
