0000000000000000000000000000
0000000000000000000000000000
0000000000000000000000000000
0000000000000000000000000000
0000000000000000000000000000
0000000000000000000000000000
0000000000000000000000000000
0000000000000000000000000000
0000000000000000000000000000
0000000000000010000000000000
0000000000001111100000000000
0000000000011101110000000000
0000000000011000000000000000
0000000000011000000000000000
0000000000111111100000000000
0000000000111101110000000000
0000000000111000110000000000
0000000000011000110000000000
0000000000011000110000000000
0000000000011101110000000000
0000000000001111100000000000
0000000000000000000000000000
0000000000000000000000000000
0000000000000000000000000000
0000000000000000000000000000
0000000000000000000000000000
0000000000000000000000000000
0000000000000000000000000000
