0000000000000000000000000000
0000000000000000000000000000
0000000000000000000000000000
0000000000000000000000000000
0000000000000000000000000000
0000000000000000000000000000
0000000000000000000000000000
0000000000000000000000000000
0000000000000000000000000000
0000000000000001110000000000
0000000000001111111100000000
0000000000011111011100000000
0000000000011100000000000000
0000000000111000000000000000
0000000000111000000000000000
0000000000111000000000000000
0000000000111111111000000000
0000000000111111111100000000
0000000000111100011110000000
0000000000111000001110000000
0000000000110000001110000000
0000000000111000000110000000
0000000000111000001110000000
0000000000111000001110000000
0000000000011100011100000000
0000000000001111111100000000
0000000000000000000000000000
0000000000000000000000000000
