0000000000000000000000000000
0000000000000000000000000000
0000000000000000000000000000
0000000000000000000000000000
0000000000000111110000000000
0000000000011111111000000000
0000000000011100111000000000
0000000000011100000000000000
0000000000111111100000000000
0000000000111111111000000000
0000000000111111111000000000
0000000000111000111000000000
0000000000111000111000000000
0000000000011000111000000000
0000000000011111111000000000
0000000000001111110000000000
0000000000000111000000000000
0000000000000000000000000000
0000000000000000000000000000
0000000000000000000000000000
0000000000000000000000000000
0000000000000000000000000000
0000000000000000000000000000
0000000000000000000000000000
0000000000000000000000000000
0011111111111111111111111100
0000000000000000000000000000
0000000000000000000000000000
