0000000000000000000000000000
0000000000000000000000000000
0010000000000000000000000000
0000000000000000000000000000
0010000000000000000000000000
0010000000000001100000000000
0000000000000111111100000000
0010000000001111111100000000
0010000000001100000110000000
0010000000011100000110000000
0010000000011000000000000000
0010000000011011110000000000
0010000000111111111100000000
0010000000111100001110000000
0010000000111000000110000000
0010000000111000000110000000
0010000000011000000110000000
0000000000011000000110000000
0000000000011000001110000000
0000000000001110011100000000
0000000000000111111000000000
0000000000000011100000000000
0000000000000000000000000000
0000000000000000000000000000
0000000000000000000000000000
0000000000000000000000000000
0000000000000000000000000000
0000000000000000000000000000
