0000000000000000000000000000
0000000000000000000000000000
0011111111111111100010000100
0000000000000000000000000100
0000000000000000000000000100
0000000000000000000000000100
0000000000000000000000000100
0000000000000000000000000100
0000000001111110000000000100
0000000011111111000000000100
0000000111000011100000000100
0000000110000011100000000100
0000001110000000000000000100
0000001100011000000000000100
0000001101111110000000000100
0000001111111111000000000100
0000001110000011100000000100
0000001110000011100000000100
0000001110000011100000000100
0000001110000011100000000100
0000001110000011100000000100
0000000111000111000000001100
0000000011111110000000001100
0000000001111100000000001100
0000000000000000000000001100
0000000000000000000000001100
0000000000000000000000000000
0000000000000000000000000000
