0000000000000000000000000000
0000000000000000000000000000
0000000000000000000000000000
0000000000000000000000000000
0000000000000000000000000000
0000000000000000000000000000
0000000000001111000000000000
0000000000111111100000000000
0000000001111111110000000000
0000000001110000110000000000
0000000011100000110000000000
0000000011100000000000000000
0000000011011111000000000000
0000000011111111100000000000
0000000111110001110000000000
0000000011100000110000000000
0000000111100000111000000000
0000000011000000111000000000
0000000011000000110000000000
0000000011100001110000000000
0000000001110011110000000100
0000000001111111100000000000
0000000000111110000000000000
0000000000000000000000000100
0000000000000000000000000100
0000000000000000000000000100
0000000000000000000000000000
0000000000000000000000000000
