0000000000000000000000000000
0000000000000000000000000000
0000000000000000000000000000
0000000000000000000000000000
0000000000000000000000000000
0000000000000000000000000000
0000000000000000000000000000
0000000000000000000000000000
0000000000000011111111111000
0000000000000111111111111100
0000000000000011111111111100
0000000000000000000000111000
0000000000000000000000111000
0000000000000000000001110000
0000000000000000000011100000
0000000000000000000011100000
0000000000000000000111000000
0000000000000000000111000000
0000000000000000001110000000
0000000000000000001110000000
0000000000000000011100000000
0000000000000000011100000000
0000000000000000011100000000
0000000000000000111000000000
0000000000000000111000000000
0000000000000000111000000000
0000000000000000111000000000
0000000000000000000000000000
