0000000000000000000000000000
0000000000000000000000000000
0000000000000000000000000000
0000000000000000000000000000
0000000000000000000000000000
0000000000000000000000000000
0001111111110000000000000000
0001111111110000000000000000
0000000001100000000000000000
0000000011000000000000000000
0000000010000000000000000000
0000000110000000000000000000
0000001100000000000000000000
0000001100000000000000000000
0000011000000000000000000000
0000011000000000000000000000
0000000000000000000000000000
0000000000000000000000000000
0000000000000000000000000000
0000000000000000000000000000
0000000000000000000000000000
0000000000000000000000000000
0000000000000000000000000000
0000000000000000000000000000
0000000000000000000000000000
0000000000000000000000000000
0000000000000000000000000000
0000000000000000000000000000
