0000000000000000000000000000
0000000000000000000000000000
0000000000000000000000000000
0000000000000000000000000000
0000000000000000000000000000
0000000000000000000000000000
0000000000000000000000000000
0000000000000000000000000000
0000000000000000000000000000
0000000000000000000000000000
0000000000000011111111111100
0000000000000011111111111100
0000000000000000000011110000
0000000000000000000111100000
0000000000000000000111000000
0000000000000000011110000000
0000000000000000011110000000
0000000000000000111110000000
0000000000000000111110000000
0000000000000001111100000000
0000000000000001111100000000
0000000000000000000000000000
0000000000000000000000000000
0000000000000000000000000000
0000000000000000000000000000
0000000000000000000000000000
0000000000000000000000000000
0000000000000000000000000000
