0000000000000000000000000000
0000000000000000000000000000
0000000000000000000000000000
0000000000000000000000000000
0000000000000000000000000000
0000000000000000000000000000
0000111111110000000000000000
0000000000011000000000000000
0000000000100000000000000000
0000000001100000000000000000
0000000001000000000000000000
0000000011000000000000000000
0000000111000000000000000000
0000000110000000000000000000
0000000110000000000000000000
0000000100000000000000000000
0000000110000000000000000000
0000000110000000000000000000
0000000000000000000000000000
0000000000000000000000000000
0000000000000000000000000000
0000000000000000000000000000
0000000000000000000000000000
0000000000000000000000000000
0000000000000000000000000000
0000000000000000000000000000
0000000000000000000000000000
0000000000000000000000000000
