0000000000000000000000000000
0000000000000000000000000000
0000000000000000000000000000
0000000000000000000000000000
0000000000000000000000000000
0000000000000000000000000000
0000000000000000000000000000
0000000000000000000000000000
0000000000000000000000000000
0000000000000000000000000000
0000000000000000111111000000
0000000000000000101001100000
0000000000000000000011000000
0000000000000000000110000000
0000000000000000000100000000
0000000000000000001100000000
0000000000000000011100000000
0000000000000000011100000000
0000000000000000011000000000
0000000000000000011000000000
0000000000000000011000000000
0000000000000000000000000000
0000000000000000000000000000
0000000000000000000000000000
0000000000000000000000000000
0000000000000000000000000000
0000000000000000000000000000
0000000000000000000000000000
