0000000000000000000000000000
0000000000000000000000000000
0000000000000000000000000000
0000000000000000000000000000
0000000000000000000000000000
0000000000000000000000000000
0000000000000000011111111111
0000000000000000111111111111
0000000000000000011111111111
0000000000000000000000000111
0000000000000000000000000111
0000000000000000000000001111
0000000000000000000000011110
0000000000000000000000011100
0000000000000000000000111000
0000000000000000000001111000
0000000000000000000011110000
0000000000000000000011100000
0000000000000000000111100000
0000000000000000000111000000
0000000000000000001111000000
0000000000000000001111000000
0000000000000000001110000000
0000000000000000000000000000
0000000000000000000000000000
0000000000000000000000000000
0000000000000000000000000000
0000000000000000000000000000
