0000000000000000000000000000
0000000000000000000000000000
0000000000000000000000000000
0000000000000000000000000000
0000000000000000000000000000
0000000000000000000000000000
0000000000000011000000000000
0000000000000111111111000000
0000000000000111111111000000
0000000000000111111111000000
0000000000000111010110000000
0000000000000110000110000000
0000000000000100000110000000
0000000000000000001100000000
0000000000000000001100000000
0000000000000000001000000000
0000000000000000011000000000
0000000000000000011000000000
0000000000000000110000000000
0000000000000000110000000000
0000000000000001110000000000
0000000000000001100000000000
0000000000000011100000000000
0000000000000011100000000000
0000000000000000000000000000
0000000000000000000000000000
0000000000000000000000000000
0000000000000000000000000000
