0000000000000000000000000000
0000000000000000000000000000
0000000000000000000000000000
0000000000000000000000000000
0000000000000000000000000000
0000000000000000000000000000
0000000000000000000000000000
0000000000000000000000000000
0000000000000000111101111000
0000000000000000111111111100
0000000000000000000000111000
0000000000000000000001110000
0000000000000000000001100000
0000000000000000000011000000
0000000000000000000011000000
0000000000000000000110000000
0000000000000000000110000000
0000000000000000001100000000
0000000000000000001100000000
0000000000000000001000000000
0000000000000000000000000000
0000000000000000000000000000
0000000000000000000000000000
0000000000000000000000000000
0000000000000000000000000000
0000000000000000000000000000
0000000000000000000000000000
0000000000000000000000000000
