0000000000000000000000000000
0000000000000000000000000000
0000000000000000000000000000
0000000000000000000000000000
0000000000000000000000000000
0000000000000000000000000000
0000000000000000000000000000
0000000000000000000000000000
0000000000000000000000000000
0000000000000000000000000000
0000000000000000000000000000
0000000000000001111111111000
0000000000000001111111111000
0000000000000000000001111000
0000000000000000000001110000
0000000000000000000011100000
0000000000000000000111000000
0000000000000000000111000000
0000000000000000001110000000
0000000000000000001110000000
0000000000000000011110000000
0000000000000000011110000000
0000000000000000111100000000
0000000000000000111100000000
0000000000000000111100000000
0000000000000000000000000000
0000000000000000000000000000
0000000000000000000000000000
