0000000000000000000000000000
0000000000000000000000000000
0000000000000000000000000000
0000000000000000000000000000
0000000000000000000000000000
0000000000000000000000000000
0000000000000000000000000000
0000000000000000000000000000
0000000000000000000000000000
0000000000000000000000000000
0000000000000000000000000000
0000000000000000000000000000
0000001111111111000000000000
0000000000001111000000000000
0000000000000110000000000000
0000000000001110000000000000
0000000000001100000000000000
0000000000011100000000000000
0000000000011000000000000000
0000000000110000000000000000
0000000001110000000000000000
0000000001100000000000000000
0000000011100000000000000000
0000000011000000000000000000
0000000010000000000000000000
0000000000000000000000000000
0000000000000000000000000000
0000000000000000000000000000
