0000000000000000000000000000
0000000000000000000000000000
0000000011100001000000000000
0000000111111111100000000000
0000000111111111000000000000
0000000011111111000000000000
0000000011000111000000000000
0000000010000010000000000000
0000000000000110000000000000
0000000000000110000000000000
0000000000001100000000000000
0000000000001100000000000000
0000000000001000000000000000
0000000000011000000000000000
0000000000011000000000000000
0000000000110000000000000000
0000000000110000000000000000
0000000001110000000000000000
0000000001100000000000000000
0000000001100000000000000000
0000000001100000000000000000
0000000000000000000000000000
0000000000000000000000000000
0000000000000000000000000000
0000000000000000000000000000
0000000000000000000000000000
0000000000000000000000000000
0000000000000000000000000000
