0000000000000000000000000000
0000000000000000000000000000
0000000000000000000000000000
0000000000000000000000000000
0000000000000000000000000000
0000000000000000111111111000
0000000000000000111111111000
0000000000000000000000110000
0000000000000000000001100000
0000000000000000000001100000
0000000000000000000011000000
0000000000000000000111000000
0000000000000000000110000000
0000000000000000000110000000
0000000000000000001100000000
0000000000000000001100000000
0000000000000000011100000000
0000000000000000001000000000
0000000000000000000000000000
0000000000000000000000000000
0000000000000000000000000000
0000000000000000000000000000
0000000000000000000000000000
0000000000000000000000000000
0000000000000000000000000000
0000000000000000000000000000
0000000000000000000000000000
0000000000000000000000000000
