0000000000000000000000000000
0000000000000000000000000000
0000000000000000000000000000
0000000000000000000000000000
0000000111111100000000000000
0000000111111110000000000000
0000000111111100000000000000
0000000000001100000000000000
0000000000011000000000000000
0000000000011000000000000000
0000000000010000000000000000
0000000000110000000000000000
0000000000100000000000000000
0000000000100000000000000000
0000000001100000000000000000
0000000001100000000000000000
0000000001000000000000000000
0000000001000000000000000000
0000000001000000000000000000
0000000000000000000000000000
0000000000000000000000000000
0000000000000000000000000000
0000000000000000000000000000
0000000000000000000000000000
0000000000000000000000000000
0000000000000000000000000000
0000000000000000000000000000
0000000000000000000000000000
