0000000000000000000000000000
0000000000000000000000000000
0000000000000000000000000000
0000000000000000000000000000
0000000000000000000000000000
0000000000000000000000000000
0000000000011111111111100000
0000000000011111111111100000
0000000000000000000111100000
0000000000000000000111000000
0000000000000000001111000000
0000000000000000001110000000
0000000000000000011100000000
0000000000000000111000000000
0000000000000001111000000000
0000000000000001110000000000
0000000000000011100000000000
0000000000000111100000000000
0000000000000111000000000000
0000000000001111000000000000
0000000000001111000000000000
0000000000000000000000000000
0000000000000000000000000000
0000000000000000000000000000
0000000000000000000000000000
0000000000000000000000000000
0000000000000000000000000000
0000000000000000000000000000
