0000000000000000000000000000
0000000000000000000000000000
0000000000000000000000000000
0000000000000000000000000000
0000000000000000000000000000
0000000000000000000000000000
0000000000000000000000000000
0000000000000000000000000000
0000000000000000000000000000
0000000000000000000000000000
0000000000000000000000000000
0000000000000000000000000000
0000000000000000000000000000
0000000000000011111111111111
0000000000000011111111111111
0000000000000001011111111111
0000000000000000000000111110
0000000000000000000000111110
0000000000000000000000111100
0000000000000000000001111100
0000000000000000000011111000
0000000000000000000011111000
0000000000000000000111110000
0000000000000000000111110000
0000000000000000001111000000
0000000000000000011111000000
0000000000000000011111000000
0000000000000000111110000000
