0000000000000000000000000000
0000000000000000000000000000
0000000000000000000000000000
0000000000000000000000000000
0000000000011110000010000000
0000000000011111111110000000
0000000000011111111110000000
0000000000011111111100000000
0000000000011000001100000000
0000000000010000001000000000
0000000000000000011000000000
0000000000000000011000000000
0000000000000000110000000000
0000000000000000110000000000
0000000000000001100000000000
0000000000000001100000000000
0000000000000011000000000000
0000000000000111000000000000
0000000000000111000000000000
0000000000001110000000000000
0000000000001110000000000000
0000000000000000000000000000
0000000000000000000000000000
0000000000000000000000000000
0000000000000000000000000000
0000000000000000000000000000
0000000000000000000000000000
0000000000000000000000000000
