0000000000000000000000000000
0000000000000000000000000000
0000000000000000000000000000
0000011111111100000000000000
0000111111111100000000000000
0000011111111100000000000000
0000000000111100000000000000
0000000001111000000000000000
0000000011110000000000000000
0000000011110000000000000000
0000000111100000000000000000
0000000111100000000000000000
0000001111000000000000000000
0000001111000000000000000000
0000011111000000000000000000
0000011110000000000000000000
0000011110000000000000000000
0000001100000000000000000000
0000000000000000000000000000
0000000000000000000000000000
0000000000000000000000000000
0000000000000000000000000000
0000000000000000000000000000
0000000000000000000000000000
0000000000000000000000000000
0000000000000000000000000000
0000000000000000000000000000
0000000000000000000000000000
