0000000000000000000000000000
0000000000000000000000000000
0000000000000000000000000000
0000000000000000000000000000
0000000000000000000000000000
0000011111111111000000000000
0000011111111111000000000000
0000001000111111000000000000
0000000000000110000000000000
0000000000001110000000000000
0000000000011100000000000000
0000000000011100000000000000
0000000000111000000000000000
0000000001110000000000000000
0000000011110000000000000000
0000000011100000000000000000
0000000111000000000000000000
0000000111000000000000000000
0000001111000000000000000000
0000001110000000000000000000
0000001110000000000000000000
0000000000000000000000000000
0000000000000000000000000000
0000000000000000000000000000
0000000000000000000000000000
0000000000000000000000000000
0000000000000000000000000000
0000000000000000000000000000
