0000000000000000000000000000
0000000000000000000000000000
0000000000000000000000000000
0000111111111110000000000000
0000111111111110000000000000
0000000000111110000000000000
0000000001111100000000000000
0000000011111000000000000000
0000000011110000000000000000
0000000111110000000000000000
0000001111100000000000000000
0000001111000000000000000000
0000001111000000000000000000
0000011111000000000000000000
0000011110000000000000000000
0000011110000000000000000000
0000011110000000000000000000
0000000000000000000000000000
0000000000000000000000000000
0000000000000000000000000000
0000000000000000000000000000
0000000000000000000000000000
0000000000000000000000000000
0000000000000000000000000000
0000000000000000000000000000
0000000000000000000000000000
0000000000000000000000000000
0000000000000000000000000000
