0000000000000000000000000000
0000000000000000000000000000
0000000000000000000001011100
0000000000000000000000011100
0000000011111111111100001100
0000000011111111111110001100
0000000011111111111110001100
0000000011111111111110001100
0000000000111111111000011100
0000000000000111111000011100
0000000000001111110000000100
0000000000001111110000000100
0000000000011111110000011100
0000000000111111100001000100
0000000000111111000000000100
0000000000111111000000001100
0000000000111110000000001100
0000000001111110000000001100
0000000001111100000000001100
0000000000111100000000001100
0000000000111000000000001100
0000000000000000000000001100
0000000000000000000000001100
0000000000000000000001111100
0011111111111111111111111100
0011111111111111111111111100
0000000000000000000000000000
0000000000000000000000000000
