0000000000000000000000000000
0000000000000000000000000000
0011010110000000000000000000
0011000000000000000000000000
0011000000000000000000000000
0011000000000110001100000000
0011000000111111111110000000
0011000001111111111111000000
0011000001111111111110000000
0011000000111111111110000000
0011000000000001111100000000
0011000000000001111100000000
0011000000000011111000000000
0011000000000011110000000000
0011000000000111110000000000
0011000000001111100000000000
0011000000001111100000000000
0011000000001111000000000000
0011000000011111000000000000
0011000000011111000000000000
0011000000011110000000000000
0011000000001110000000000000
0011000000000000000000000000
0011000000000000000000000000
0011000000000000000000000000
0011111111100000111100000000
0000000000000000000000000000
0000000000000000000000000000
