0000000000000000000000000000
0000000000000000000000000000
0000000011111111110000001100
0000000011111111111000001100
0000000011111111111000001100
0000000011111111111000001100
0000000001111111111000001100
0000000000001111110000001100
0000000000011111100000001100
0000000000011111000000001100
0000000000111111000000001100
0000000000111111000000001100
0000000000111110000000001100
0000000000111110000000001100
0000000000111110000000001100
0000000000111110000000001100
0000000000011000000000001100
0000000000000000000000001100
0000000000000000000000011100
0000000000000000000000011100
0000000000000000000000011100
0000000000000000000000011100
0000000000000000111111111100
0011111111111111111111111100
0011111111111111111111111100
0011111111111111111111111100
0000000000000000000000000000
0000000000000000000000000000
