0000000000000000000000000000
0000000000000000000000000000
0000000000000000000000000100
0000000000000000000000000100
0000000001111111110000000100
0000000011111111110000000100
0000000011111111111000000100
0000000001111111111000000100
0000000000011111110000000100
0000000000001111110000000100
0000000000011111100000000100
0000000000011111000000000100
0000000000111111000000000100
0000000000111111000000000100
0000000000111111000000000100
0000000000111110000000000100
0000000000111110000000000100
0000000000111100000000000100
0000000000000000000000000100
0000000000000000000000000100
0000000000000000000000000100
0000000000000000000000000100
0000000000000000000000000100
0000000000000000000000000100
0000000000000000000000001100
0011111111111111111111111100
0000000000000000000000000000
0000000000000000000000000000
