0000000000000000000000000000
0000000000000000000000000000
0011111111111111111111111100
0011111111111111111111111100
0011111111111111111111111100
0000000000000000000000000000
0000000000000000000000000000
0000000000000000000000000000
0010000000000000000000000000
0011000001111111110000000000
0000000001111111111100000000
0000000001111111111100000000
0010000000000001111000000000
0010000000000001110000000000
0010000000000001110000000000
0010000000000011100000000000
0010000000000011100000000000
0010000000000111000000000000
0011000000000111000000000000
0011100100001110000000000000
0010000000001110000000000000
0010000000011100000000000100
0011000000011100000000000000
0001000000011100000000000000
0010000000011100000000000000
0010100000000000000100000000
0000000000000000000000000000
0000000000000000000000000000
