0000000000000000000000000000
0000000000000000000000000000
0010000000000000000000000000
0010000000000000000000000000
0010000000000000000000000000
0010000000000000010000000000
0010000000111111111100000000
0010000000111111111110000000
0010000000001111111100000000
0010000000000000111100000000
0010000000000000111000000000
0010000000000001110000000000
0010000000000001110000000000
0010000000000011100000000000
0010000000000011100000000000
0010000000000111000000000000
0010000000000111000000000000
0010000000000111000000000000
0010000000000110000000000000
0010000000001110000000000000
0010000000000000000000000000
0010000000000000000000000000
0010000000000000000000000000
0010000000000000000000000000
0010000000000000000000000000
0011111000000000000000000000
0000000000000000000000000000
0000000000000000000000000000
