0000000000000000000000000000
0000000000000000000000000000
0011111111111111111111111100
0000000000000000000000001100
0000000000000000010000001100
0000000001111111111100000100
0000000011111111111100001100
0000000011111111111110001100
0000000011111111111110001100
0000000000111111111110001100
0000000000000011111100000100
0000000000000111111000000100
0000000000000111110000000100
0000000000001111110000000100
0000000000001111110000000100
0000000000011111100000000100
0000000000011111100000000100
0000000000011111000000000100
0000000000011111000000000100
0000000000111110000000000100
0000000000111110000000000100
0000000000011100000000000100
0000000000000000000000000100
0000000000000000000000000100
0000000000000000000000001100
0011111111111111111111111100
0000000000000000000000000000
0000000000000000000000000000
