0000000000000000000000000000
0000000000000000000000000000
0011000000000010000000000000
0000000000000000000000000000
0000000000000000000000000000
0000000001111111111110000000
0000000011111111111110000000
0000000011111111111110000000
0000000011111111111110000000
0000000001111111111110000000
0000000000000001111100000000
0000000000000001111000000000
0000000000000011111000000000
0000000000000111110000000000
0000000000001111100000000000
0000000001111111100000000000
0000010001111111000000000000
0001111010001111000000000000
0011111000011111000000000000
0011110001011110000000000000
0001100000011110000000000000
0000000000111110000000000000
0000000000011100000000000000
0000000000011100000000000000
0000000000000000000000000000
0000000000000000000000000000
0000000000000000000000000000
0000000000000000000000000000
