0000000000000000000000000000
0000000000000000000000000000
0011000000000000000000100100
0010000000000000000000000000
0010000000000000000000000000
0010000000000000000000000000
0010000000000000000000000000
0010000000011111111100000000
0010000000111111111100000000
0010000000111111111100000000
0010000000000001111100000000
0010000000000001111000000000
0010000000000001111000000000
0010000000000001110000000000
0010000000000011100000000000
0010000000000011100000000000
0010000000000111000000000000
0010000000000111000000000000
0010000000001111000000000000
0010000000001110000000000000
0010000000001110000000000000
0010000000001110000000000000
0010000000000000000000000000
0010000000000000000000000000
0010000000000000000000000000
0010000000000000000000000000
0000000000000000000000000000
0000000000000000000000000000
