0000000000000000000000000000
0000000000000000000000000000
0011000000011111111101111100
0000000000000000000000000100
0000000000000000000000000100
0000000000001101110000000100
0000000000111111111000000100
0000000000111111111000000100
0000000000111111111000000100
0000000000011111111000000100
0000000000000111110000000100
0000000000000111110000000100
0000000000001111100000000100
0000000000001111000000000100
0000000000011111000000000100
0000000000011111000000000100
0000000000011110000000000100
0000000000011110000000000100
0000000000001100000000000100
0000000000000000000000000100
0000000000000000000000000100
0000000000000000000000000100
0000000000000000000000000100
0000000000000000000000000100
0000000000000000000000000100
0000000000000000000000000100
0000000000000000000000000000
0000000000000000000000000000
