0000000000000000000000000000
0000000000000000000000000000
0011111111111111111111111100
0011111111111111111111111100
0011111111111111111111111100
0011101111111111000000000100
0010000000000000000000000000
0010000000000000000000000000
0000000001111111110000000000
0000000001111111111000000000
0010000001111111111000000000
0000000001111111111000000000
0000000000111111111000000000
0000000000001111110000000000
0010000000001111110000000000
0000000000001111100000000000
0000000000011111100000000000
0000000000011111000000000000
0000000000011111000000000000
0000000000011111000000000000
0000000000011110000000000000
0000000000011110000000000000
0000000000001100000000000000
0000000000000000000000000000
0000000000000000000000000000
0000000000000000000000000000
0000000000000000000000000000
0000000000000000000000000000
