0000000000000000000000000000
0000000000000000000000000000
0000000000000000000000000100
0000000000000000000000000100
0000000000000000000000000100
0000000001111111110000000100
0000000011111111111000000100
0000000011111111111000000100
0000000001111111111000000100
0000000000000111111000000100
0000000000000111110000000100
0000000000001111100000000100
0000000000001111000000000100
0000000000001111000000000000
0000000000011110000000000000
0000000000011110000000000100
0000000000111110000000000100
0000000000111110000000000100
0000000000111100000000000000
0000000000111100000000000000
0000000000111000000000000000
0000000000000000000000000000
0000000000000000000000000100
0000000000000000000000000100
0010000000010000000001111100
0011111111111111111111111100
0000000000000000000000000000
0000000000000000000000000000
