0000000000000000000000000000
0000000000000000000000000000
0011111111111111111111111100
0000000000000000000000001100
0000000000000000000000000100
0000000000000000000000000100
0000000001111111100000000100
0000000011111111110000000100
0000000011111111110000000100
0000000001111111110000000100
0000000000000111110000000100
0000000000000111100000000100
0000000000001111000000000100
0000000000001111000000000100
0000000000011110000000000100
0000000000011110000000000100
0000000000111100000000000100
0000000000111100000000000100
0000000000111000000000000100
0000000000111000000000000100
0000000001111000000000000100
0000000000111000000000000100
0000000000000000000000000100
0000000000000000000000000100
0000000000000000000000000100
0000000000000000000000000100
0000000000000000000000000000
0000000000000000000000000000
