0000000000000000000000000000
0000000000000000000000000000
0000000000000000000000000000
0000000000000000000000000000
0000000000000000000000000000
0000000000000000000000000000
0000000000000000000000000000
0000000111111110000000000000
0000001111111111000000000000
0000000111001111000000000000
0000000000000110000000000000
0000000000001110000000000000
0000000000001100000000000000
0000000000011000000000000000
0000000000011000000000000000
0000000000110000000000000000
0000000000110000000000000000
0000000001110000000000000000
0000000001100000000000000000
0000000001100000000000000000
0000000001100000000000000000
0000000000000000000000000000
0000000000000000000000000000
0000000000000000000000000000
0000000000000000000000000000
0000000000000000000000000000
0000000000000000000000000000
0000000000000000000000000000
