0000000000000000000000000000
0000000000000000000000000000
0000000000000000000000000100
0000000000000000000000000100
0000000000000000000000000100
0000000000000000000000000100
0000000011111111110000000100
0000000011111111110000000100
0000000000000001110000000100
0000000000000011100000000100
0000000000000011000000000100
0000000000000111000000000100
0000000000000110000000000100
0000000000001100000000000100
0000000000001100000000000100
0000000000011100000000000100
0000000000011000000000000100
0000000000111000000000000100
0000000000111000000000000100
0000000000111000000000000100
0000000000000000000000000100
0000000000000000000000000100
0000000000000000000000000100
0000000000000000000000000100
0000000000000000000000000100
0011111100000000000000000100
0000000000000000000000000000
0000000000000000000000000000
