0000000000000000000000000000
0000000000000000000000000000
0000000000000000000000000000
0000000000001100000000000000
0000000000011111111000000000
0000000000011111111100000000
0000000000011111111100000000
0000000000000011111000000000
0000000000000011111000000000
0000000000000011110000000000
0000000000000111110000000000
0000000000000111100000000000
0000000000000111100000000000
0000000000001111100000000000
0000000000001111000000000000
0000000000001111000000000000
0000000000000110000000000000
0000000000000000000000000000
0000000000000000000000000000
0000000000000000000000000000
0000000000000000000000000000
0000000000000000000000000000
0000000000000000000000000000
0010000000000000000000000000
0011000000000000000000000000
0011110000010000000000000000
0000000000000000000000000000
0000000000000000000000000000
