0000000000000000000000000000
0000000000000000000000000000
0010000000000000000000001100
0010000000000111110000001100
0010000011111111111100000100
0010000011111111111110000100
0010000011111111111111000100
0010000001111111111100001100
0010000000011111111100000100
0010000000000111111000000100
0010000000001111110000000100
0010000000001111110000001100
0010000000011111100110001100
0010000000011111100110001100
0010000000111111100000001100
0010000000111111000000001100
0010000001111110000000001100
0010000001111110000000000100
0010000000111110000000001100
0010000000111100000000001100
0010000000011000000000001100
0010000000000000000000001100
0010000000000000000000001100
0010000000011111111111111100
0011111111111111111111111100
0011111111111111111111111100
0000000000000000000000000000
0000000000000000000000000000
