0000000000000000000000000000
0000000000000000000000000000
0000000000000000000000000100
0000000000000000000000000100
0000000000000000000000000100
0000000000000000000000000100
0000000000001111100000000100
0000000000111111110000000100
0000000000111111110000000100
0000000000001111110000000100
0000000000000111100000000100
0000000000000111100000000100
0000000000000111000000000100
0000000000001110000000000100
0000000000001110000000000100
0000000000011110000000000100
0000000000011100000000000100
0000000000011100000000000100
0000000000001000000000000100
0000000000000000000000000100
0000000000000000000000000100
0000000000000000000000000100
0000000000000000000000000100
0000000000000000000000000100
0000000000000000000000000100
0000000000000000000000000100
0000000000000000000000000000
0000000000000000000000000000
