0000000000000000000000000000
0000000000000000000000000000
0001000000000000000000000000
0001000000000000000000000000
0001000000000000000000000000
0011000000000000000000000000
0011000000000000000000000000
0011000000000000000000000000
0011000000000000000000000000
0010000000000000000000000000
0010000000000000000000000000
0010000000000011111100000000
0010000000000000000100000000
0010000000000000001000000000
0010000000000000011000000000
0010000000000000110000000000
0010000000000000100000000000
0010000000000000100000000000
0010000000000001100000000000
0010000000000001100000000000
0010000000000001000000000000
0010000000000001000000000000
0010000000000000000000000000
0010000000000000000000000000
0010000000000000000000000000
0010000000000000000000000000
0000000000000000000000000000
0000000000000000000000000000
