0000000000000000000000000000
0000000000000000000000000000
0011000000000000000000000000
0011000000000000000000000000
0011000000000000000000000000
0011000000000000000000000000
0011000000000000000000000000
0011000000011111111110000000
0011000000011111111110000000
0011000000000011111110000000
0011000000000000011100000000
0011000000000000011000000000
0011000000000000111000000000
0011000000000001110000000000
0011000000000001110000000000
0011000000000011100000000000
0011000000000011100000000000
0011000000000011100000000000
0011000000000111000000000000
0011000000000111000000000000
0011000000000110000000000000
0011000000000000000000000000
0011000000000000000000000000
0011000000000000000000000000
0011000000000000000000000000
0011000000000000000000000000
0000000000000000000000000000
0000000000000000000000000000
