0000000000000000000000000000
0000000000000000000000000000
0011111111111111111111111100
0011111111111111111111111100
0011000000001111100000000100
0011000000000000110000000100
0010000111111111111000000100
0011000111111111111000000100
0010000111111111111000000100
0010000111111111111000000100
0010000111111111111000000100
0010000000000111110000000100
0010000000000111110000000100
0010000000001111100000000100
0010000000011111000000000100
0010000000011111000000000100
0010000000111110000000000100
0010000000111110000000000100
0010000000111110000000000100
0010000001111100000000000100
0011000001111100000000000100
0011000001111100000000000100
0011000000111000000000000100
0011000000000000000000000100
0011000000000000000000000100
0011111000000100000001111100
0000000000000000000000000000
0000000000000000000000000000
