0000000000000000000000000000
0000000000000000000000000000
0000000000000000000000011100
0000000000000000000000011100
0000000000011011000000011100
0000000111111111110000011100
0000001111111111110000011100
0000001111111111110000011100
0000000111111111110000011100
0000000000011111110000011100
0000000000011111100000011100
0000000000011111100000011100
0000000000011111001000011100
0000000000111111000000011100
0000000000111110000000011100
0000000001111110000000011100
0000000001111110000000011100
0000000011111100000000011100
0000000011111100000000011100
0000000011111100000000011100
0000000111111000000000011100
0000000011111000000000011100
0000000000000000000000011100
0000000000000000000010011100
0010111111111111111111111100
0011111111111111111111111100
0000000000000000000000000000
0000000000000000000000000000
