0000000000000000000000000000
0000000000000000000000000000
0000000000000000000000001100
0000000000000000000000001100
0000000001111111111000001100
0000000011111111111100001100
0000000011111111111100001100
0000000001111111111100001100
0000000000110111111000001100
0000000000000111111000001100
0000000000000111110000001100
0000000000001111110000001100
0000000000001111100000001100
0000000000011111100000001100
0000000000011111000000001100
0000000000111110000000001100
0000000000111110000000001100
0000000000111100000000001100
0000000000111100000000001100
0000000000111000000000001100
0000000000000000000000001100
0000000000000000000000001100
0000000000000000000000001100
0010000000000001111000011100
0011111111111111111111111100
0011111111111111111111111100
0000000000000000000000000000
0000000000000000000000000000
