0000000000000000000000000000
0000000000000000000000000000
0011111111111111111111111100
0011001110000001111110011100
0010000000000000000010000100
0010000000000000111100000100
0010000001111111111110000100
0010000011111111111110000100
0010000011111111111111000100
0000000001111111111110000100
0000000000000011111110000100
0000000000000011111100000100
0000000000000011111100000100
0000000000000111111100000100
0010000000000111111000000100
0010000000001111110000000100
0010000000001111110000000100
0000000000001111100000000100
0000000000011111000000000100
0000000000011111000000000100
0000000000011111000000000100
0010000000011111000000000100
0010000000001100000000000100
0010000000000000000000000100
0010000000000000000000000100
0010000000000000000000000100
0000000000000000000000000000
0000000000000000000000000000
