0000000000000000000000000000
0000000000000000000000000000
0000000000000000000000000000
0000000000000000000000000000
0000000000000000000000000000
0000000000000000000000000000
0000000000000000000000000000
0000000000000000000000000000
0000000000000000000000000000
0000000000000000000000000000
0000000000011111111000000000
0000000000111111111100000000
0000000001111000011100000000
0000000001110000011110000000
0000000001110000011100000000
0000000001111000011100000000
0000000000111111111000000000
0000000000011111110000000000
0000000000111111110000000000
0000000001111111111100000000
0000000011110000111110000000
0000000011100000011110000000
0000000011100000001110000000
0000000011100000001110000000
0000000011110000011110000000
0000000001111101111100000000
0000000001111111111000000000
0000000000001111100000000000
