0000000000000000000000000000
0000000000000000000000000000
0000000000000000000000000000
0000000000000000000000000000
0000000000000000000000000000
0000000000000000000000000000
0000000000000000000000000000
0000000000000000000000000000
0000000000000000000000000000
0000000000000000110000000000
0000000000000001111100000000
0000000000000011111110000000
0000000000000011000110000000
0000000000000011000110000000
0000000000000011111110000000
0000000000000001111100000000
0000000000000011111110000000
0000000000000110000110000000
0000000000000110000111000000
0000000000000110000111000000
0000000000000111000110000000
0000000000000011111110000000
0000000000000001111100000000
0000000000000000000000000000
0000000000000000000000000000
0000000000000000000000000000
0000000000000000000000000000
0000000000000000000000000000
