0000000000000000000000000000
0000000000000000000000000000
0000000000000000000000000000
0000000000000000000000000000
0000000000000000000000000000
0000000000000000000000000000
0000000000000000000000000000
0000000000000000000000000000
0000000000000000000000000000
0000000000000000000000000000
0000000000000000000000000000
0000000000001111110000000000
0000000000011111111000000000
0000000000111000011100000000
0000000000111000011100000000
0000000000111000011100000000
0000000000111000011100000000
0000000000111100111000000000
0000000000011111110000000000
0000000000011111110000000000
0000000000011111110000000000
0000000000111011111000000000
0000000000111000111100000000
0000000001110000011100000000
0000000001110000001110000000
0000000001110000001110000000
0000000001110000011100000000
0000000000111000011100000000
