0000000000000000000000000000
0000000000000000000000000000
0000000000000000000000000000
0000000000000000000000000000
0000000000000000000000000000
0000000000000000000000000000
0000000000011000000000000000
0000000001111110000000000000
0000000001111111000000000000
0000000011100011000000000000
0000000011000011100000000000
0000000011000001100000000000
0000000011000011100000000000
0000000011100011000000000000
0000000001110011000000000000
0000000001111110000000000000
0000000001111110000000000000
0000000011100111000000000000
0000000011000011100000000000
0000000011000001100000000000
0000000111000001100000000000
0000000011000001100000000000
0000000011000001100000000000
0000000011100111000000000000
0000000001111111000000000000
0000000001111110000000000000
0000000000000000000000000000
0000000000000000000000000000
