0000000000000000000000000000
0000000000000000000000000000
0000000000000000000000000000
0000000000000000000000000000
0000000000011100000000000000
0000000000111110000000000000
0000000001100010000000000000
0000000001100010000000000000
0000000001100010000000000000
0000000001111110000000000000
0000000000111100000000000000
0000000001111110000000000000
0000000001000010000000000000
0000000001000011000000000000
0000000011000011000000000000
0000000011000011000000000000
0000000001000010000000000000
0000000001111110000000000000
0000000000111100000000000000
0000000000000000000000000000
0000000000000000000000000000
0000000000000000000000000000
0000000000000000000000000000
0000000000000000000000000000
0000000000000000000000000000
0000000000000000000000000000
0000000000000000000000000000
0000000000000000000000000000
