0000000000000000000000000000
0000000000000000000000000000
0000000000000000000000000000
0000000000000000000000000000
0000000000000000000000000000
0000000000000000000000000000
0000000000000000000000000000
0000000000000000000000000000
0000000000000000000000000000
0000000000000000000000000000
0000000000011111000000000000
0000000000111111100000000000
0000000000110001110000000000
0000000001110001110000000000
0000000001110001110000000000
0000000001110001110000000000
0000000000111001100000000000
0000000000111111000000000000
0000000000011111000000000000
0000000000111111100000000000
0000000001110111110000000000
0000000001100001110000000000
0000000001100000110000000000
0000000001100000110000000000
0000000001100000110000000000
0000000001110001110000000000
0000000001111111110000000000
0000000000111111100000000000
