0000000000000000000000000000
0000000000000000000000000000
0000000000000000000000000000
0000000000000000000000000000
0000000000000000000000000000
0000000000000000000000000000
0000000000000000000000000000
0000000000000000000000000000
0000000001111111000000000000
0000000011111111110000000000
0000000111100001111000000000
0000000111000000111000000000
0000000111000001111000000000
0000000111100001110000000000
0000000011111111110000000000
0000000011111111110000000000
0000000111100001111000000000
0000001111000000111000000000
0000001110000000111100000000
0000001110000000111000000000
0000001111000000111000000000
0000000111111111111000000000
0000000011111111110000000000
0000000000111110000000000000
0000000000000000000000000000
0000000000000000000000000000
0000000000000000000000000000
0000000000000000000000000000
