0000000000000000000000000000
0000000000000000000000000000
0000000000000000000000000000
0000000000000000000000000000
0000000000000000000000000000
0000000000000000000000000000
0000000000000000000000000000
0000000000000000000000000000
0000000000000000000000000000
0000000000000000000000000000
0000000000000000000000000000
0000000000000000000000000000
0000000000000011100000000000
0000000000000111110000000000
0000000000001110110000000000
0000000000001100110000000000
0000000000001100110000000000
0000000000000111110000000000
0000000000000111110000000000
0000000000001100110000000000
0000000000001100010000000000
0000000000001100110000000000
0000000000001111110000000000
0000000000000111110000000000
0000000000000000000000000000
0000000000000000000000000000
0000000000000000000000000000
0000000000000000000000000000
