0000000000000000000000000000
0000000000000000000000000000
0000000000000000000000000000
0000000000000000000000000000
0000000000000000000000000000
0000000000000000000000000000
0000000000000000000000000000
0000000000000000000000000000
0000000000000000000000000000
0000000000000000001100000000
0000000000000000111111000000
0000000000000001110111000000
0000000000000001100001100000
0000000000000001100001100000
0000000000000001100011100000
0000000000000000111111000000
0000000000000000111111000000
0000000000000001110011100000
0000000000000001100001100000
0000000000000011100001100000
0000000000000011100001100000
0000000000000001100001100000
0000000000000001111111000000
0000000000000000111111000000
0000000000000000000000000000
0000000000000000000000000000
0000000000000000000000000000
0000000000000000000000000000
