0000000000000000000000000000
0000000000000000000000000000
0000000000000000000000000000
0000000000000000000000000000
0000000000000000000000000000
0000000000000000000000000000
0000000000000000000000000000
0000000000000000000000000000
0000000110000000000000000000
0000011111100000000000000000
0000011011100000000000000000
0000011001100000000000000000
0000011011100000000000000000
0000011111100000000000000000
0000011111100000000000000000
0000010001100000000000000000
0000010001100000000000000000
0000011001100000000000000000
0000011111100000000000000000
0000000000000000000000000000
0000000000000000000000000000
0000000000000000000000000000
0000000000000000000000000000
0000000000000000000000000000
0000000000000000000000000000
0000000000000000000000000000
0000000000000000000000000000
0000000000000000000000000000
