0000000000000000000000000000
0000000000000000000000000000
0000000000000000000000000000
0000111110000000000000000000
0011111111100000000000000000
0111100011111000000000000000
1111000000111000000000000000
1110000000111000000000000000
1111000000111000000000000000
0111111111110000000000000000
0011111111100000000000000000
0111111111111000000000000000
1111000000111100000000000000
1110000000011100000000000000
1110000000011100000000000000
1110000000011100000000000000
1111000000111100000000000000
0111111111111000000000000000
0011111111100000000000000000
0000011100000000000000000000
0000000000000000000000000000
0000000000000000000000000000
0000000000000000000000000000
0000000000000000000000000000
0000000000000000000000000000
0000000000000000000000000000
0000000000000000000000000000
0000000000000000000000000000
