0000000000000000000000000000
0000000000000000000000000000
0000000000000000000000000000
0000000000000000000000000000
0000000000000000000000000000
0000000000000000000000000000
0000000000000000000000000000
0000000000000000000000000000
0000000000001111000000000000
0000000000011111111100000000
0000000001111111111100000000
0000000001111000111110000000
0000000011110000111110000000
0000000001111000111110000000
0000000001111101111110000000
0000000001111111111100000000
0000000000111111111000000000
0000000000111111110000000000
0000000011111001111110000000
0000000011110001111110000000
0000000011110000111111000000
0000000011110000011111100000
0000000011110000111111000000
0000000011111001111110000000
0000000011111111111110000000
0000000000011111111000000000
0000000000000000000000000000
0000000000000000000000000000
