0000000000000001111100000000
0000000000000011111110000000
0000000000000111111111000000
0000000000001111101111100000
0000000000001111000111100000
0000000000001111000111100000
0000000000000111111111000000
0000000000000011111110000000
0000000000000011111110000000
0000000000000011111110000000
0000000000000111111111000000
0000000000000111000111000000
0000000000001111000111100000
0000000000001111101111100000
0000000000000111111111000000
0000000000000011111110000000
0000000000000000111100000000
0000000000000000000000000000
0000000000000000000000000000
0000000000000000000000000000
0000000000000000000000000000
0000000000000000000000000000
0000000000000000000000000000
0000000000000000000000000000
0000000000000000000000000000
0000000000000000000000000000
0000000000000000000000000000
0000000000000000000000000000
