0000000000000000000000000000
0000000000000000000000000000
0000000000000000000000000000
0000000000000000000000000000
0000000000000000000000000000
0000000000000000000000000000
0000000000000000000000000000
0000000000000000000000000000
0000000000000000000000000000
0000000000000000000000000000
0000000000000000000000000000
0000000001111110000000000000
0000000011111111000000000000
0000000111000011000000000000
0000000110000011000000000000
0000000110000011000000000000
0000000111000111000000000000
0000000011111110000000000000
0000000011111111000000000000
0000000111000111000000000000
0000000110000011100000000000
0000001110000011100000000000
0000001110000011100000000000
0000000110000011100000000000
0000000111101111000000000000
0000000011111110000000000000
0000000000010000000000000000
0000000000000000000000000000
