0000000000000000000000000000
0000000000000000000000000000
0000000000000000000000000000
0000000000000111111000000000
0000000000001111111100000000
0000000000001111111100000000
0000000000001110011100000000
0000000000001110011100000000
0000000000001111111100000000
0000000000000111111000000000
0000000000000111111000000000
0000000000001111111000000000
0000000000001110111100000000
0000000000001110011100000000
0000000000001110011100000000
0000000000001111111100000000
0000000000001111111000000000
0000000000000011110000000000
0000000000000000000000000000
0000000000000000000000000000
0000000000000000000000000000
0000000000000000000000000000
0000000000000000000000000000
0000000000000000000000000000
0000000000000000000000000000
0000000000000000000000000000
0000000000000000000000000000
0000000000000000000000000000
