0000000000000000000000000000
0000000000000000000000000000
0000000000000000000000000000
0000000000000000000000000000
0000000000000000000000000000
0000000000000000000000000000
0000000000000000000000000000
0000000000000000000000000000
0000000000000000000000000000
0000000000000000000000000000
0000000000000000000000000000
0000000000000000000000000000
0000000000000000000000000000
0000000000000001110000000000
0000000000000111111000000000
0000000000000111111100000000
0000000000000110011100000000
0000000000001110001100000000
0000000000001110011100000000
0000000000000110011100000000
0000000000000111111000000000
0000000000000011111000000000
0000000000000011111000000000
0000000000000111111100000000
0000000000001110011100000000
0000000000001100001100000000
0000000000001100001100000000
0000000000001110001100000000
