0000000000000000000000000000
0000000000000000000000000000
0000000000000000000000000000
0000000000000000000000000000
0000000000000000000000000000
0000000000000000000000000000
0000000000000000000000000000
0000000000000000000000000000
0000000000000000000000000000
0000000000011110000000000000
0000000001111111100000000000
0000000001110001110000000000
0000000011100001110000000000
0000000011110001110000000000
0000000011111111100000000000
0000000001111111100000000000
0000000000111111110000000000
0000000000110111110000000000
0000000001100001110000000000
0000000011100001110000000000
0000000011100001110000000000
0000000011100001110000000000
0000000001111111100000000000
0000000000011111000000000000
0000000000000000000000000000
0000000000000000000000000000
0000000000000000000000000000
0000000000000000000000000000
