0000000000000000000000000000
0000000000000000000000000000
0000000000000000000000000000
0000000000000000000000000000
0000000000000000000000000000
0000000000000000000000000000
0000000000000000000000000000
0000000000000011000000000000
0000000000011111110000000000
0000000001111000111000000000
0000000001110000011100000000
0000000001110000011100000000
0000000001111100111000000000
0000000001111111110000000000
0000000000111111110000000000
0000000000111111111000000000
0000000000111011111100000000
0000000001110000111100000000
0000000001100000011100000000
0000000011100000011100000000
0000000001110000111100000000
0000000001111101111000000000
0000000000011111110000000000
0000000000000100000000000000
0000000000000000000000000000
0000000000000000000000000000
0000000000000000000000000000
0000000000000000000000000000
