0000000000000000000000000000
0000000000000000111000000000
0000000000000011111110000000
0000000000000111000111000000
0000000000000110000011100000
0000000000000110000011100000
0000000000000110000011100000
0000000000000111100011000000
0000000000000011111110000000
0000000000000011111110000000
0000000000000111001111000000
0000000000000110000011100000
0000000000001110000011100000
0000000000001110000001100000
0000000000000110000011100000
0000000000000111000111000000
0000000000000011111111000000
0000000000000001111100000000
0000000000000000000000000000
0000000000000000000000000000
0000000000000000000000000000
0000000000000000000000000000
0000000000000000000000000000
0000000000000000000000000000
0000000000000000000000000000
0000000000000000000000000000
0000000000000000000000000000
0000000000000000000000000000
