0000000000000000000000000000
0000000000000000000000000000
0000000000000000000000000000
0000000000000000000000000000
0000000000000000000000000000
0000000000000000000000000000
0000000000000000000000000000
0000000000000000000000000000
0000000000000000000000000000
0000000000000000000000000000
0000000000000000000000000000
0000000000000000001100000000
0000000000000000111111100000
0000000000000001110001100000
0000000000000001100001100000
0000000000000001111011100000
0000000000000001111111000000
0000000000000000111111100000
0000000000000000110111110000
0000000000000001100011110000
0000000000000001100001110000
0000000000000001100001100000
0000000000000001111111100000
0000000000000000011110000000
0000000000000000000000000000
0000000000000000000000000000
0000000000000000000000000000
0000000000000000000000000000
