0000000000000000000000000000
0000000000000000000000000000
0000000000000000000000000000
0000000000000000000000000000
0000000000000000000000000000
0000000000000000000000000000
0000000000000000000000000000
0000000000011110000000000000
0000000001111111100000000000
0000000011100001110000000000
0000000011000001110000000000
0000000011100001110000000000
0000000001111001100000000000
0000000001111111000000000000
0000000001100111100000000000
0000000011000001110000000000
0000000011000000110000000000
0000000011000000110000000000
0000000011100001110000000000
0000000001111111100000000000
0000000000111110000000000000
0000000000000000000000000000
0000000000000000000000000000
0000000000000000000000000000
0000000000000000000000000000
0000000000000000000000000000
0000000000000000000000000000
0000000000000000000000000000
