0000000000000000000000000000
0000000000000000000000000000
0000000000000000000000000000
0000000000000000000000000000
0000000000000000000000000000
0000000111110000000000000000
0000011111111000000000000000
0000111100111100000000000000
0000111000011100000000000000
0000111000001100000000000000
0000111000011100000000000000
0000111100111100000000000000
0000011111111000000000000000
0000011111110000000000000000
0000111111111100000000000000
0000111000111100000000000000
0001110000011110000000000000
0001110000001110000000000000
0001110000001110000000000000
0001110000001110000000000000
0001111100111110000000000000
0000111111111100000000000000
0000000000000000000000000000
0000000000000000000000000000
0000000000000000000000000000
0000000000000000000000000000
0000000000000000000000000000
0000000000000000000000000000
