0000000000000000000000000000
0000000000000000000000000000
0000000000000000000000000000
0000000000000000000000000000
0000000000000011100000000000
0000000000001111110000000000
0000000000001110111000000000
0000000000011100011000000000
0000000000001100011000000000
0000000000001111111000000000
0000000000001111111000000000
0000000000011111111000000000
0000000000011100011000000000
0000000000011100011000000000
0000000000011100111000000000
0000000000001111111000000000
0000000000000111110000000000
0000000000000000000000000000
0000000000000000000000000000
0000000000000000000000000000
0000000000000000000000000000
0000000000000000000000000000
0000000000000000000000000000
0000000000000000000000000000
0000000000000000000000000000
0000000000000000000000000000
0000000000000000000000000000
0000000000000000000000000000
