0000000000000000000000000000
0000000000000011111000000000
0000000000000111111110000000
0000000000001111111111000000
0000000000011110000111000000
0000000000011100000111000000
0000000000011100000011100000
0000000000011100000011000000
0000000000011110000111000000
0000000000001111111110000000
0000000000000111111110000000
0000000000001111111110000000
0000000000011110001111000000
0000000000011100000111100000
0000000000111000000011100000
0000000000111000000011100000
0000000000111000000011100000
0000000000111000000011100000
0000000000111100000011100000
0000000000011100000111100000
0000000000011111111111000000
0000000000001111111110000000
0000000000000011111100000000
0000000000000000000000000000
0000000000000000000000000000
0000000000000000000000000000
0000000000000000000000000000
0000000000000000000000000000
