0000000000000000000000000000
0000000000000000000000000000
0000000000000000000000000000
0000000000000000000000000000
0000000000000000000000000000
0000000000000000000000000000
0000000000000000000000000000
0000000000000000000000000000
0000000000000000000000000000
0000000000000000000000000000
0000000000000000000000000000
0001111100000000000000000000
0111111111000000000000000000
1111111111100000000000000000
1110000011110000000000000000
1110000001110000000000000000
1110000001110000000000000000
1110000011110000000000000000
0111111111100000000000000000
0111111111000000000000000000
1111111111100000000000000000
1110000011110000000000000000
1100000001111000000000000000
1100000000111000000000000000
1100000000111000000000000000
1100000001111000000000000000
1110000011110000000000000000
1111111111110000000000000000
