0000000000000000000000000000
0000000000000000000000000000
0000000000000000000000000000
0000000000000000000000000000
0000000000000000000000000000
0000000000001111100000000000
0000000000011111110000000000
0000000000111000110000000000
0000000000011000110000000000
0000000000011000110000000000
0000000000011111100000000000
0000000000011111100000000000
0000000000011001110000000000
0000000000110000111000000000
0000000000110000011000000000
0000000000110000111000000000
0000000000111001111000000000
0000000000011111110000000000
0000000000001111000000000000
0000000000000000000000000000
0000000000000000000000000000
0000000000000000000000000000
0000000000000000000000000000
0000000000000000000000000000
0000000000000000000000000000
0000000000000000000000000000
0000000000000000000000000000
0000000000000000000000000000
