0000000000000000000000000000
0000000000000000000000000000
0000000000000000000000000000
0000000000000000000000000000
0000000000000000000000000000
0000000000000000000000000000
0000000000000000000000000000
0000000000000000000000000000
0000000000111111000000000000
0000000001110011100000000000
0000000011100011100000000000
0000000011100001100000000000
0000000011100011100000000000
0000000011111111000000000000
0000000011111111000000000000
0000000001111111000000000000
0000000001111111100000000000
0000000001100111100000000000
0000000011100011110000000000
0000000011000001110000000000
0000000011000001100000000000
0000000011100011100000000000
0000000011110111000000000000
0000000000111110000000000000
0000000000011000000000000000
0000000000000000000000000000
0000000000000000000000000000
0000000000000000000000000000
