0000000000000000000000000000
0000000000000000000000000000
0000000000000000000000000000
0000000000000000000000000000
0000000000000000000000000000
0000000000000000000000000000
0000000000000000000000000000
0000000000000000000000000000
0000000000000000000000000000
0000000000000000000000000000
0000000000000000000000000000
0000000000000000011110000000
0000000000000000100001000000
0000000000000000100001000000
0000000000000000110011000000
0000000000000000111110000000
0000000000000000001110000000
0000000000000000011110000000
0000000000000000110111000000
0000000000000000100011000000
0000000000000000100001000000
0000000000000000110001000000
0000000000000000011110000000
0000000000000000000000000000
0000000000000000000000000000
0000000000000000000000000000
0000000000000000000000000000
0000000000000000000000000000
