0000000000000000000000000000
0000000000000000000000000000
0000000000000000000000000000
0000000000000000000000000000
0000000000000000000000000000
0000000000000000000000000000
0000000000000000000000000000
0000000000000000000000000000
0000000000000000000000000000
0000000000000000000000000000
0000000000000000000000000000
0000000000000011111100000000
0000000000000011111110000000
0000000000000111001110000000
0000000000001110000111000000
0000000000001110000111000000
0000000000001110000111000000
0000000000000111111110000000
0000000000000111111110000000
0000000000000111111110000000
0000000000001111000111000000
0000000000001110000111000000
0000000000001100000011000000
0000000000001110000011000000
0000000000001110000111000000
0000000000001111111111000000
0000000000000111111110000000
0000000000000001111000000000
