0000000000000000000000000000
0000000000000000111111000000
0000000000000001111111100000
0000000000000011110011100000
0000000000000011100001110000
0000000000000011000001110000
0000000000000011100001110000
0000000000000011100011100000
0000000000000011110011100000
0000000000000001111111000000
0000000000000001111111000000
0000000000000001111111000000
0000000000000011111111100000
0000000000000111000111110000
0000000000000111000011110000
0000000000000111000001110000
0000000000000111000000110000
0000000000000111000001110000
0000000000000111000001110000
0000000000000111100011110000
0000000000000011111111100000
0000000000000001111111000000
0000000000000000000000000000
0000000000000000000000000000
0000000000000000000000000000
0000000000000000000000000000
0000000000000000000000000000
0000000000000000000000000000
