0000000000000000000000000000
0000000000000000000000000000
0000000000000000000000000000
0000000000000000000000000000
0000000000000000000000000000
0000000000000000000000000000
0000000011111000000000000000
0000000011111111000000000000
0000001111111111000000000000
0000001111000111100000000000
0000011110000111100000000000
0000011111000111100000000000
0000001111101111100000000000
0000001111111111000000000000
0000001111111110000000000000
0000000111111110000000000000
0000001111111110000000000000
0000111110001111100000000000
0000011110001111100000000000
0000011110000111110000000000
0000111110000011111000000000
0000011110000111110000000000
0000111111001111100000000000
0000111111111111100000000000
0000000111111110000000000000
0000000011111100000000000000
0000000000000000000000000000
0000000000000000000000000000
