0000000000000000000000000000
0000000000000000000000000000
0000000000000000000000000000
0000000000000000000000000000
0000000000000000000000000000
0000000000000000000000000000
0000000000000000000000000000
0000000000000000000000000000
0000000000000000000000000000
0000000000000000000000000000
0000000000000011111000000000
0000000000000111111100000000
0000000000001110001110000000
0000000000001100001110000000
0000000000001100000110000000
0000000000001100000110000000
0000000000001110000110000000
0000000000001111001110000000
0000000000000111111100000000
0000000000000111111100000000
0000000000001110011110000000
0000000000001100001110000000
0000000000011100000111000000
0000000000011100000111000000
0000000000011100000111000000
0000000000011100000110000000
0000000000001110001110000000
0000000000001111111110000000
