0000000000000000000000000000
0000000000000000000000000000
0000000000000000000000000000
0000000000000000000000000000
0000000000000000000000000000
0000000000000000000000000000
0000000000000000000000000000
0000000000000000000000000000
0000000000000000000000000000
0000000000000000000000000000
0000000000000000000000000000
0000000000000000000000000000
0000000000000000000000000000
0000000000000111100000000000
0000000000001111111000000000
0000000000011111111000000000
0000000000111000011100000000
0000000000111000011100000000
0000000000111000011100000000
0000000000111000011000000000
0000000000011100111000000000
0000000000011111110000000000
0000000000011111110000000000
0000000000011111110000000000
0000000000011111111000000000
0000000000111001111000000000
0000000000111000111100000000
0000000001110000011100000000
