0000000000000000000000000000
0000000000000000000000000000
0000000000000000000000000000
0000000000000000000000000000
0000000000000000000000000000
0000000000000000000000000000
0000000000000000000000000000
0000000000000000000000000000
0000000000000000000000000000
0000000000000000000000000000
0000000000000000000000000000
0000000000000000000000000000
0000000001111111000000000000
0000000011111111000000000000
0000000111000011100000000000
0000000111000001100000000000
0000000111000001100000000000
0000000011111111100000000000
0000000011111111000000000000
0000000011111111100000000000
0000000111000011100000000000
0000000111000001110000000000
0000000111000001110000000000
0000000111000001110000000000
0000000111100011100000000000
0000000011111111100000000000
0000000001111110000000000000
0000000000000000000000000000
