0000000000000000000000000000
0000000000000000000000000000
0000000000000000000000000000
0000000000000000000000000000
0000000000000000000000000000
0000000000000000000000000000
0000000000000000000000000000
0000000000011111000000000000
0000000001110001100000000000
0000000001100000100000000000
0000000000110000100000000000
0000000000111111000000000000
0000000000111111100000000000
0000000001000000110000000000
0000000001000000111000000000
0000000001100000110000000000
0000000000111111100000000000
0000000000000100000000000000
0000000000000000000000000000
0000000000000000000000000000
0000000000000000000000000000
0000000000000000000000000000
0000000000000000000000000000
0000000000000000000000000000
0000000000000000000000000000
0000000000000000000000000000
0000000000000000000000000000
0000000000000000000000000000
