0000000000000000000000000000
0000000000000000000000000000
0000000000000000000000000000
0000000000000000000000000000
0000000000000000000000000000
0000000000000000000000000000
0000000000000000000000000000
0000000000000000000000000000
0000000000000000000000000000
0000000000001110000000000000
0000000001111111110000000000
0000000011110011111000000000
0000000011100000111000000000
0000000011100000111000000000
0000000011110001110000000000
0000000011111111110000000000
0000000001111111100000000000
0000000001111111110000000000
0000000111100111111000000000
0000000111000001111000000000
0000000111000000111100000000
0000000111000000111100000000
0000000111100001111000000000
0000000011111111110000000000
0000000000000000000000000000
0000000000000000000000000000
0000000000000000000000000000
0000000000000000000000000000
