0000000000000000000000000000
0000000000000000000000000000
0000000000000000000000000000
0000000000000000000000000000
0000000000000000000000000000
0000000000000000000000000000
0000000000000000000000000000
0000000000000000000000000000
0000000000000000000000000000
0000000000000000001101100000
0000000000000000011000110000
0000000000000000010000110000
0000000000000000110000110000
0000000000000000011000110000
0000000000000000011111100000
0000000000000000001111000000
0000000000000000001111100000
0000000000000000011011110000
0000000000000000010000110000
0000000000000000110000110000
0000000000000000110000010000
0000000000000000011000110000
0000000000000000001111100000
0000000000000000000000000000
0000000000000000000000000000
0000000000000000000000000000
0000000000000000000000000000
0000000000000000000000000000
