0000000000000000000000000000
0000000000000000000000000000
0000000000000000000000000000
0000000000000000000000000000
0000000000000000000000000000
0000000000000000000000000000
0000000000000000000000000000
0000000000000000000000000000
0000000000000000000000000000
0000000000000000000000000000
0000000000000000000000000000
0000000010100000000000000000
0000001111111000000000000000
0000001100011100000000000000
0000001100001100000000000000
0000001111111000000000000000
0000001111111000000000000000
0000000111111100000000000000
0000001100111100000000000000
0000001100011100000000000000
0000001100001100000000000000
0000001100011100000000000000
0000000111111000000000000000
0000000000000000000000000000
0000000000000000000000000000
0000000000000000000000000000
0000000000000000000000000000
0000000000000000000000000000
