0000000000000000000000000000
0000000000000000000000000000
0000000000000000000000000000
0000000001111000000000000000
0000000001111110000000000000
0000000011111111000000000000
0000000111111111000000000000
0000000111000111000000000000
0000001110000111000000000000
0000001111000111000000000000
0000000111100111000000000000
0000000111101111000000000000
0000000111111110000000000000
0000000111111110000000000000
0000000111111110000000000000
0000000111111110000000000000
0000001111001111000000000000
0000001110001111000000000000
0000001110000111100000000000
0000001110000111110000000000
0000001110000111110000000000
0000001111000111100000000000
0000001111001111000000000000
0000001111111111000000000000
0000000011111110000000000000
0000000000000000000000000000
0000000000000000000000000000
0000000000000000000000000000
