0000000000000000000000000000
0000000000000000000000000000
0000000000000000000000000000
0000000000000000000000000000
0000000000000000000000000000
0000000000000000000000000000
0000000000000001111111000000
0000000000000011110111100000
0000000000000111000001100000
0000000000000111000001110000
0000000000000111000001100000
0000000000000011111111100000
0000000000000011111111000000
0000000000000111100111100000
0000000000000111000001110000
0000000000001110000001110000
0000000000001110000001110000
0000000000000111000001110000
0000000000000111111111100000
0000000000000001111111000000
0000000000000000000000000000
0000000000000000000000000000
0000000000000000000000000000
0000000000000000000000000000
0000000000000000000000000000
0000000000000000000000000000
0000000000000000000000000000
0000000000000000000000000000
