0000000000000000000000000000
0000000000000000000000000000
0000000000000000000000000000
0000000000000000000000000000
0000000000000000000000000000
0000000000000000000000000000
0000000011110000000000000000
0000000111111000000000000000
0000001111111100000000000000
0000001100011100000000000000
0000001100011100000000000000
0000001110111000000000000000
0000000111110000000000000000
0000000111110000000000000000
0000001111111000000000000000
0000001100011100000000000000
0000001100001100000000000000
0000001100011100000000000000
0000001111111100000000000000
0000001111111000000000000000
0000000001100000000000000000
0000000000000000000000000000
0000000000000000000000000000
0000000000000000000000000000
0000000000000000000000000000
0000000000000000000000000000
0000000000000000000000000000
0000000000000000000000000000
