0000000000000000000000000000
0000000000000000000000000000
0000000000000000000000000000
0000000000000000000000000000
0000000000000000000000000000
0000000000000000000000000000
0000000000000000000000000000
0000000000000000000000000000
0000000000000000000000000000
0000000000000000000000000000
0000000000000000000000000000
0000111111100000000000000000
0001111111110000000000000000
0001111011111000000000000000
0011110000111000000000000000
0011100000111000000000000000
0011100000111000000000000000
0011100000111000000000000000
0011100000111000000000000000
0001111111110000000000000000
0001111111110000000000000000
0001111111110000000000000000
0011111011111000000000000000
0011100000111000000000000000
0111000000011100000000000000
0111000000011100000000000000
0111000000011100000000000000
0111000000011100000000000000
