0000000000000000000000000000
0000000000000000000000000000
0000000000010010000000000000
0000000000110110000000000000
0000000001100011000000000000
0000000001100001000000000000
0000000001100011000000000000
0000000001100011000000000000
0000000001110010000000000000
0000000000111100000000000000
0000000000011100000000000000
0000000000011110000000000000
0000000000101111000000000000
0000000001100111000000000000
0000000001100011000000000000
0000000001100001000000000000
0000000001100001000000000000
0000000001100001000000000000
0000000000111111000000000000
0000000000111110000000000000
0000000000000000000000000000
0000000000000000000000000000
0000000000000000000000000000
0000000000000000000000000000
0000000000000000000000000000
0000000000000000000000000000
0000000000000000000000000000
0000000000000000000000000000
