0000000000000000000000000000
0000000000000000000000000000
0000000000000000000000000000
0000000000000000000000000000
0000000000000000000000000000
0000000000100000000000000000
0000000011111000000000000000
0000000011111100000000000000
0000000110001100000000000000
0000000010001100000000000000
0000000011001100000000000000
0000000011111000000000000000
0000000011111000000000000000
0000000111001100000000000000
0000000100000100000000000000
0000000100000110000000000000
0000000100000100000000000000
0000000110001100000000000000
0000000011111100000000000000
0000000011111000000000000000
0000000000000000000000000000
0000000000000000000000000000
0000000000000000000000000000
0000000000000000000000000000
0000000000000000000000000000
0000000000000000000000000000
0000000000000000000000000000
0000000000000000000000000000
