0000000000000000000000000000
0000000000000000000000000000
0000000000000000011100000000
0000000000000011111111100000
0000000000000111100011110000
0000000000001110000001110000
0000000000001110000000110000
0000000000001111000001110000
0000000000000111110001100000
0000000000000011111111000000
0000000000000011111111100000
0000000000001110000011110000
0000000000001110000000111000
0000000000001110000000111000
0000000000001110000000111000
0000000000001111000001110000
0000000000000111111111100000
0000000000000001111111000000
0000000000000000000000000000
0000000000000000000000000000
0000000000000000000000000000
0000000000000000000000000000
0000000000000000000000000000
0000000000000000000000000000
0000000000000000000000000000
0000000000000000000000000000
0000000000000000000000000000
0000000000000000000000000000
