0000000000000000000000000000
0000000000000000000000000000
0000000000000000000000000000
0000000000000000000000000000
0000000000000000000000000000
0000000000000000000000000000
0000000000000000000000000000
0000000000000000000000000000
0000000000000000000000000000
0000000000000000000000000000
0000000000000000000000000000
0000000111110000000000000000
0000001111111000000000000000
0000011100011100000000000000
0000011100001100000000000000
0000011110011100000000000000
0000001111111000000000000000
0000000111111000000000000000
0000001111111100000000000000
0000011100011100000000000000
0000011000001100000000000000
0000011100001100000000000000
0000011100011100000000000000
0000001111111000000000000000
0000000011000000000000000000
0000000000000000000000000000
0000000000000000000000000000
0000000000000000000000000000
