0000000000000000000000000000
0000000000000000000000000000
0000000000000000000000000000
0000000000000000000000000000
0000000000000000000000000000
0000000000000000000000000000
0000000000000000000000000000
0000000000000000000000000000
0000000000000000000000000000
0000000000000000000000000000
0000011110000000000000000000
0001111111000000000000000000
0011100011100000000000000000
0011100011000000000000000000
0001111111000000000000000000
0001111111000000000000000000
0011100011100000000000000000
0011100011100000000000000000
0011100011100000000000000000
0001111111000000000000000000
0000011110000000000000000000
0000000000000000000000000000
0000000000000000000000000000
0000000000000000000000000000
0000000000000000000000000000
0000000000000000000000000000
0000000000000000000000000000
0000000000000000000000000000
