0000000000000000000000000000
0000000000000000000000000000
0000000000000000000000000000
0000000000000000000000000000
0000000000000000000000000000
0000000000000000000000000000
0000000000000000000000000000
0000000000000000000000000000
0000000000000000000000000000
0000000000000000000000000000
0000000000000000000000000000
0000000000000000000000000000
0000000000011100000000000000
0000000001111111000000000000
0000000001100011000000000000
0000000001100011000000000000
0000000001110111000000000000
0000000001111110000000000000
0000000001111111000000000000
0000000011100011100000000000
0000000011000001100000000000
0000000011000001100000000000
0000000001100011100000000000
0000000001111111000000000000
0000000000000000000000000000
0000000000000000000000000000
0000000000000000000000000000
0000000000000000000000000000
