0000000000000000000000000000
0000000000000000000000000000
0000000000000000000000000000
0000000000000000000000000000
0000000000000000000000000000
0000000000000000000000000000
0000000000000000000000000000
0000000000000000000000000000
0000000000000000000000000000
0000000000000000000000000000
0000000000000000000000000000
0000000000000011111000000000
0000000000000111011100000000
0000000000000110001100000000
0000000000000110001100000000
0000000000000111111000000000
0000000000000011111000000000
0000000000000111011100000000
0000000000001100001110000000
0000000000001100000110000000
0000000000001100000110000000
0000000000000111011100000000
0000000000000011111000000000
0000000000000000000000000000
0000000000000000000000000000
0000000000000000000000000000
0000000000000000000000000000
0000000000000000000000000000
