0000000000000000000000000000
0000000000000000000000000000
0000000000000000000000000000
0000000000000000000000000000
0000000000000000000000000000
0000000000000000000000000000
0000000000000000000000000000
0000000000000000000000000000
0000000000000000000000000000
0000000000000011110000000000
0000000000000111111000000000
0000000000001111111000000000
0000000000001100011100000000
0000000000001100011100000000
0000000000001110111000000000
0000000000000111110000000000
0000000000000111110000000000
0000000000001111111000000000
0000000000001100011100000000
0000000000001100011100000000
0000000000011100011100000000
0000000000001110111100000000
0000000000001111111000000000
0000000000000011110000000000
0000000000000000000000000000
0000000000000000000000000000
0000000000000000000000000000
0000000000000000000000000000
