0000000000000000000000000000
0000000000000000000000000000
0000000000000000000000000000
0000000000000000000000000000
0000000000000000000000000000
0000000000000000000000000000
0000000000000000000000000000
0000000000000000000000000000
0000000000000000000000000000
0000000000000000000000000000
0000000000000000000000000000
0000000000000000001111000000
0000000000000001111111110000
0000000000000011100001111000
0000000000000011100000111000
0000000000000011100000111000
0000000000000001111001110000
0000000000000000111111100000
0000000000000001111111110000
0000000000000011100001111000
0000000000000011000000111000
0000000000000011100000111000
0000000000000011100000111000
0000000000000001111111110000
0000000000000000111111100000
0000000000000000000000000000
0000000000000000000000000000
0000000000000000000000000000
