0000000000000000000000000000
0000000000000000000000000000
0000000000000000000000000000
0000000000000000000000000000
0000000000000000000111000000
0000000000000000011111110000
0000000000000000111111111000
0000000000000000111000011100
0000000000000000110000011100
0000000000000000111000011000
0000000000000000111000111000
0000000000000000111111110000
0000000000000000011111100000
0000000000000000011111110000
0000000000000000111011111000
0000000000000001110000111100
0000000000000001110000011100
0000000000000001110000011100
0000000000000001110000011100
0000000000000001111000111100
0000000000000000111111111000
0000000000000000011111110000
0000000000000000000000000000
0000000000000000000000000000
0000000000000000000000000000
0000000000000000000000000000
0000000000000000000000000000
0000000000000000000000000000
