0000000000000000000000000000
0000000000000000000000000000
0000000000000000000000000000
0000000000000000000000000000
0000000000000000000000000000
0000000000000000000000000000
0000000000011110000000000000
0000000001111111000000000000
0000000001100001100000000000
0000000011100001100000000000
0000000001111011000000000000
0000000001111111000000000000
0000000000111111100000000000
0000000001110111100000000000
0000000001100011100000000000
0000000001100001100000000000
0000000001100001100000000000
0000000001111111000000000000
0000000000011110000000000000
0000000000000000000000000000
0000000000000000000000000000
0000000000000000000000000000
0000000000000000000000000000
0000000000000000000000000000
0000000000000000000000000000
0000000000000000000000000000
0000000000000000000000000000
0000000000000000000000000000
