0000000000000000000000000000
0000000000000000000000000000
0000000000000000000000000000
0000000000000000000000000000
0000000000000000000000000000
0000000000000000000000000000
0000000000000000000000000000
0000000000000000000000000000
0000000000000000000000000000
0000000000000000000000000000
0000000000000000000000000000
0000000000000000000000000000
0000000000000000000000000000
0000000000000000000000000000
0000000000000000000000000000
0000000000000000000000000000
0000000001111110000000000000
0000000011111111000000000000
0000000011100111100000000000
0000000111000011100000000000
0000000111000011100000000000
0000000011100111000000000000
0000000011111110000000000000
0000000001111110000000000000
0000000001111110000000000000
0000000011100111000000000000
0000000111000011100000000000
0000000111000011100000000000
