0000000000000000000000000000
0000000000000000000000000000
0000000000000000000000000000
0000000000000000000000000000
0000000000000000000000000000
0000000000000000000000000000
0000000000000000000000000000
0000000000000000000000000000
0000000000000000000000000000
0000000011000000000000000000
0000000111110000000000000000
0000001100011000000000000000
0000001100011000000000000000
0000001100011000000000000000
0000000111110000000000000000
0000000111110000000000000000
0000001000001000000000000000
0000001000001100000000000000
0000001000001000000000000000
0000001100011000000000000000
0000000111110000000000000000
0000000011000000000000000000
0000000000000000000000000000
0000000000000000000000000000
0000000000000000000000000000
0000000000000000000000000000
0000000000000000000000000000
0000000000000000000000000000
