0000000000000000000000000000
0000000000000000000000000000
0000000000000000000000000000
0000000000111110000000000000
0000000001111111000000000000
0000000011111111000000000000
0000000011110111100000000000
0000000011100111100000000000
0000000011100111100000000000
0000000011110111100000000000
0000000001111111000000000000
0000000001111111000000000000
0000000001111111000000000000
0000000011100111100000000000
0000000011100111100000000000
0000000111100011100000000000
0000000111100111100000000000
0000000011111111100000000000
0000000011111111100000000000
0000000001111111000000000000
0000000000011100000000000000
0000000000000000000000000000
0000000000000000000000000000
0000000000000000000000000000
0000000000000000000000000000
0000000000000000000000000000
0000000000000000000000000000
0000000000000000000000000000
