0000000000000000000000000000
0000000000000000000000000000
0000000000000000000000000000
0000000000000000000000000000
0000000000000000000000000000
0000000000000000000000000000
0000000000000000000000000000
0000000000000000000000000000
0000000000110000000000000000
0000000011111100000000000000
0000000011000110000000000000
0000000110000110000000000000
0000000011000110000000000000
0000000001111100000000000000
0000000011111110000000000000
0000000110000110000000000000
0000000100000011000000000000
0000000100000011000000000000
0000000110000110000000000000
0000000011111110000000000000
0000000001111000000000000000
0000000000000000000000000000
0000000000000000000000000000
0000000000000000000000000000
0000000000000000000000000000
0000000000000000000000000000
0000000000000000000000000000
0000000000000000000000000000
