0000000000000000000000000000
0000000000000000000000000000
0000000000000000000000000000
0000000000000000000000000000
0000000000000000000000000000
0000000000000000000000000000
0000000000000000000000000000
0000000000000000000000000000
0000000000000011111110000000
0000000000000111111111000000
0000000000001111111111100000
0000000000001111000111100000
0000000000001111000111100000
0000000000001111001111100000
0000000000000111111111000000
0000000000000011111110000000
0000000000000011111110000000
0000000000000111111111000000
0000000000001111001111000000
0000000000001111000111100000
0000000000001111000111100000
0000000000001111111111100000
0000000000000111111111000000
0000000000000011111110000000
0000000000000000000000000000
0000000000000000000000000000
0000000000000000000000000000
0000000000000000000000000000
