0000000000000000000000000000
0000000000000000000000000000
0000000000000000000000000000
0000000000000000000000000000
0000000000000000000000000000
0000000000000000000000000000
0000000000000000000000000000
0000000000000000000000000000
0000000000000000000000000000
0000000000000000000000000000
0000000001111000000000000000
0000000011111110000000000000
0000000111001110000000000000
0000000111001110000000000000
0000000011001110000000000000
0000000011111100000000000000
0000000001111100000000000000
0000000011111110000000000000
0000000111000110000000000000
0000000110000110000000000000
0000000111000110000000000000
0000000111111110000000000000
0000000011111100000000000000
0000000000000000000000000000
0000000000000000000000000000
0000000000000000000000000000
0000000000000000000000000000
0000000000000000000000000000
