0000000000000000000000000000
0000000000000000000000000000
0000000000000000000000000000
0000000000000000000000000000
0000000000000000000000000000
0000000000000000000000000000
0000000000000000000000000000
0000000000000000000000000000
0000000000000000000000000000
0000000000000000000000000000
0000000000000000001000000000
0000000000000001111110000000
0000000000000011111111000000
0000000000000111100111000000
0000000000000111000011100000
0000000000000111000011100000
0000000000000111000011100000
0000000000000011111111000000
0000000000000011111110000000
0000000000000011111111000000
0000000000000111000011100000
0000000000000111000011100000
0000000000000110000001100000
0000000000000110000001100000
0000000000000111000011100000
0000000000000111000011100000
0000000000000011111111000000
0000000000000001111110000000
