0000000000111111111000000000
0000000001111000111100000000
0000000001110000011100000000
0000000001100000001100000000
0000000001110000001100000000
0000000001111000011100000000
0000000000111100011000000000
0000000000011111110000000000
0000000000111111111000000000
0000000001110001111100000000
0000000001100000011100000000
0000000011100000001110000000
0000000011100000001110000000
0000000011100000001110000000
0000000001110000011100000000
0000000001111100111100000000
0000000000111111111000000000
0000000000001111100000000000
0000000000000000000000000000
0000000000000000000000000000
0000000000000000000000000000
0000000000000000000000000000
0000000000000000000000000000
0000000000000000000000000000
0000000000000000000000000000
0000000000000000000000000000
0000000000000000000000000000
0000000000000000000000000000
