0000000000000000000000000000
0000000000000000000000000000
0000000000000000000000000000
0000000000000000000000000000
0000000000000000000000000000
0000000011111100000000000000
0000000111111111000000000000
0000001111000111000000000000
0000001110000011100000000000
0000001100000011100000000000
0000001110000111100000000000
0000000111111111000000000000
0000000111111110000000000000
0000001111001111100000000000
0000011100000011100000000000
0000011100000011100000000000
0000011100000011100000000000
0000011100000011100000000000
0000001111000111100000000000
0000001111111111000000000000
0000000001111100000000000000
0000000000000000000000000000
0000000000000000000000000000
0000000000000000000000000000
0000000000000000000000000000
0000000000000000000000000000
0000000000000000000000000000
0000000000000000000000000000
