0000000000000000000000000000
0000000000000000000000000000
0000000000000000000000000000
0000000000000000000000000000
0000000000000000000000000000
0000000000000000000000000000
0000000000000000000000000000
0000000000000000000000000000
0000000000000000000000000000
0000000000000000000000000000
0000000000000000000000000000
0000000000000000000000000000
0000000000000000000000000000
0000000000000011111000000000
0000000000000111111111000000
0000000000011111111111100000
0000000000111110000111110000
0000000000111110000111110000
0000000000011111001111110000
0000000000011111111111100000
0000000000011111111111000000
0000000000001111111110000000
0000000000011111111111100000
0000000001111110001111110000
0000000001111100001111110000
0000000001111100000111111000
0000000001111100000111111000
0000000001111110001111110000
