0000000000000000000000000000
0000000000000000000000000000
0000000000000000000000000000
0000000000000000000000000000
0000000000000000000000000000
0000000000000000000000000000
0000000000000000000000000000
0000000000000000000000000000
0000000000000000000000000000
0000000000001000100000000000
0000000000011001100000000000
0000000000110000110000000000
0000000000110000010000000000
0000000000110000110000000000
0000000000111000110000000000
0000000000111101100000000000
0000000000011111000000000000
0000000000001111000000000000
0000000000001111100000000000
0000000000011011110000000000
0000000000110001110000000000
0000000000110000110000000000
0000000000110000010000000000
0000000000110000010000000000
0000000000111000110000000000
0000000000011111100000000000
0000000000000000000000000000
0000000000000000000000000000
