0000000000000000000000000000
0000000000000000000000000000
0000000000000000000000000000
0000000000000000000000000000
0000000000000000000000000000
0000000000000000000000000000
0000000000000000000000000000
0000000000000000000000000000
0000000000001111111000000000
0000000000011111111100000000
0000000000011111111100000000
0000000000011110011110000000
0000000000011100011110000000
0000000000011100011110000000
0000000000011110111100000000
0000000000011111111000000000
0000000000001111111000000000
0000000000001111111000000000
0000000000011100011100000000
0000000000011100011110000000
0000000000111100011110000000
0000000000111100011110000000
0000000000111100011110000000
0000000000011111111110000000
0000000000011111111100000000
0000000000000111110000000000
0000000000000011100000000000
0000000000000000000000000000
