0000000000000000000000000000
0000000000000000000000000000
0000000000000000000000000000
0000000000000000000000000000
0000000000000000000000000000
0000000000000000000000000000
0000000000000000000000000000
0000000000000000000000000000
0000000000000000000000000000
0000000000000000000000000000
0000000001111100000000000000
0000000011111110000000000000
0000000111111111000000000000
0000000111000111000000000000
0000000110000011000000000000
0000000111000011000000000000
0000000111100111000000000000
0000000011111110000000000000
0000000011111100000000000000
0000000111111110000000000000
0000000111011111000000000000
0000001110000111100000000000
0000001110000011100000000000
0000001110000011100000000000
0000001110000011100000000000
0000001111000111100000000000
0000000111111111000000000000
0000000111111110000000000000
