0000000000000000000000000000
0000000000000000000000000000
0000000000000000000000000000
0000000000000000000000000000
0000000000000000000000000000
0000000000000000000000000000
0000000000000000000000000000
0000000000000000000000000000
0000000000000000000000000000
0000111110000000000000000000
0001111111100000000000000000
0011100011100000000000000000
0011100011100000000000000000
0011100011100000000000000000
0001111111000000000000000000
0001111111000000000000000000
0011111111100000000000000000
0111000001110000000000000000
0111000001110000000000000000
0111100011100000000000000000
0011111111100000000000000000
0000111110000000000000000000
0000000000000000000000000000
0000000000000000000000000000
0000000000000000000000000000
0000000000000000000000000000
0000000000000000000000000000
0000000000000000000000000000
