0000000000000000000000000000
0000000000000000000000000000
0000000000000000000000000000
0000000000000000000000000000
0000000000000000000000000000
0000000000000000000000000000
0000000000000000000000000000
0000000000000000000000000000
0000000000000000000000000000
0000000000000000000000000000
0000000000000000000000000000
0000000000000000000000000000
0000000000000000000000000000
0000000000000000000000000000
0000000000000000000000000000
0000000000000000011110000000
0000000000000000111111000000
0000000000000001111111000000
0000000000000001110011000000
0000000000000001110011000000
0000000000000000111111000000
0000000000000000111111000000
0000000000000001111111000000
0000000000000001100001000000
0000000000000001100001100000
0000000000000001110011000000
0000000000000000111111000000
0000000000000000011110000000
