0000000000000000000000000000
0000000000000000000000000000
0000000000000000000000000000
0000000000000000000000000000
0000000000000000000000000000
0000000000000000000000000000
0000000000000000000000000000
0000000000000000000000000000
0000000000000000000000000000
0000000000000000000000000000
0000000000000000000000000000
0000000000000000000000000000
0000000000000000001111100000
0000000000000000111111110000
0000000000000001111111111000
0000000000000001110000111100
0000000000000011110000011100
0000000000000011110000011100
0000000000000001110000011100
0000000000000001111001111000
0000000000000000111111111000
0000000000000000111111111000
0000000000000001111001111100
0000000000000011110000011100
0000000000000011100000001100
0000000000000011100000001110
0000000000000011100000001110
0000000000000011100000011100
