0000000000000000000000000000
0000000000000000000000000000
0000000000000000000000000000
0000000000000000000000000000
0000000000000000000000000000
0000000000000000000000000000
0000000000000000000000000000
0000000000000000000000000000
0000000000000000000000000000
0000001111100000000000000000
0000001111110000000000000000
0000011100110000000000000000
0000011000110000000000000000
0000001111100000000000000000
0000001111100000000000000000
0000011100110000000000000000
0000011000110000000000000000
0000011000110000000000000000
0000011111110000000000000000
0000001111100000000000000000
0000000000000000000000000000
0000000000000000000000000000
0000000000000000000000000000
0000000000000000000000000000
0000000000000000000000000000
0000000000000000000000000000
0000000000000000000000000000
0000000000000000000000000000
