0000000000000000000000000000
0000000000000000000000000000
0000000000000000000000000000
0000000000000000000000000000
0000000000000000000000000000
0000000000000000000000000000
0000000000000000000000000000
0000000000000000000000000000
0000000000000011111100000000
0000000000000111111100000000
0000000000001110001110000000
0000000000001110000110000000
0000000000001110001110000000
0000000000001111111100000000
0000000000000111111100000000
0000000000000011111100000000
0000000000000011111110000000
0000000000000110011110000000
0000000000001110001111000000
0000000000001110000110000000
0000000000001110000110000000
0000000000001110001110000000
0000000000000111111100000000
0000000000000011111000000000
0000000000000000000000000000
0000000000000000000000000000
0000000000000000000000000000
0000000000000000000000000000
