0000000000000000000000000000
0000000000000000000000000000
0000000000000000000000000000
0000000000000000000000000000
0000000000000000000000000000
0000000000000011111000000000
0000000000000111011100000000
0000000000001110001100000000
0000000000001110001100000000
0000000000001111011100000000
0000000000000111111000000000
0000000000000011111100000000
0000000000000111111110000000
0000000000000110001110000000
0000000000001100001110000000
0000000000001110001110000000
0000000000000111011100000000
0000000000000011111000000000
0000000000000000000000000000
0000000000000000000000000000
0000000000000000000000000000
0000000000000000000000000000
0000000000000000000000000000
0000000000000000000000000000
0000000000000000000000000000
0000000000000000000000000000
0000000000000000000000000000
0000000000000000000000000000
