0000000000000000000000000000
0000000000000000000000000000
0000000000000000000000000000
0000000000000000000000000000
0000000000000000000000000000
0000000000000000000000000000
0000000000000000000000000000
0000000000000000000000000000
0000000000000000000000000000
0000000000000000000000000000
0000000000000000000000000000
0000000000001111111000000000
0000000000111111111100000000
0000000001111000001110000000
0000000001110000000111000000
0000000001111000001111000000
0000000000111100001110000000
0000000000011111111100000000
0000000000011111111100000000
0000000000111000011110000000
0000000001110000000111000000
0000000001110000000111000000
0000000001110000000111000000
0000000001111000001110000000
0000000000111111111100000000
0000000000001111110000000000
0000000000000000000000000000
0000000000000000000000000000
