0000001111100000000000000000
0000111111111000000000000000
0001111111111100000000000000
0001111000011110000000000000
0001110000011110000000000000
0001110000011110000000000000
0001110000011110000000000000
0001111000011100000000000000
0000111111111000000000000000
0000111111111000000000000000
0000111111110000000000000000
0001111111111100000000000000
0001111011111100000000000000
0011110000111110000000000000
0011100000011110000000000000
0111100000001111000000000000
0111100000001111000000000000
0011100000001110000000000000
0011110000011110000000000000
0001111111111100000000000000
0000111111111000000000000000
0000001111100000000000000000
0000000000000000000000000000
0000000000000000000000000000
0000000000000000000000000000
0000000000000000000000000000
0000000000000000000000000000
0000000000000000000000000000
