0000000000000000000000000000
0000000000000000000000000000
0000000000000000000000000000
0000000000000000000000000000
0000000000000000000000000000
0000000000000000000000000000
0000000000000000000000000000
0000000000000000000000000000
0000000000000000000000000000
0000000000000000000000000000
0000000001110000000000000000
0000000111111100000000000000
0000001110001110000000000000
0000001100001110000000000000
0000001111001100000000000000
0000001111111000000000000000
0000000111111100000000000000
0000000111111110000000000000
0000001100001110000000000000
0000001100001110000000000000
0000001100001110000000000000
0000001110001110000000000000
0000000111111000000000000000
0000000000000000000000000000
0000000000000000000000000000
0000000000000000000000000000
0000000000000000000000000000
0000000000000000000000000000
