0000000000000000000000000000
0000000000000000000000000000
0000000000000000000000000000
0000000000000000000000000000
0000000001110000000000000000
0000001111111110000000000000
0000011111111111000000000000
0000111100000111000000000000
0000111000000111100000000000
0000111000000111000000000000
0000011100001111000000000000
0000011111111110000000000000
0000011111111110000000000000
0000111111011111000000000000
0000111000000111100000000000
0000111000000011100000000000
0001111000000011100000000000
0000111000000011100000000000
0000111100000111100000000000
0000011111111111000000000000
0000001111111110000000000000
0000000000000000000000000000
0000000000000000000000000000
0000000000000000000000000000
0000000000000000000000000000
0000000000000000000000000000
0000000000000000000000000000
0000000000000000000000000000
