0000000000000000000000000000
0000000000000000000000000000
0000000000000000000000011100
0000000000000000000000001100
0000000000000000000000001100
0000000000000000000000001100
0000000001111110000000001100
0000000011111111000000001100
0000000111111111100000001100
0000000111111111100000001100
0000001111100111100000001100
0000001111111111100000001100
0000000111111111100000001100
0000000111111111100000001100
0000000111111111100000001100
0000001111111111100000001100
0000001111000111110000001100
0000001111000011110000001100
0000001111000111110000001100
0000001111111111100000001100
0000000111111111100000001100
0000000011111111000000001100
0000000000111000000000001100
0000000000000000000000001100
0000000000000000000000001100
0000000000111111111111111100
0000000000000000000000000000
0000000000000000000000000000
