0000000000000000000000000000
0000000000000000000000000000
0010000000000000000000000000
0010000000000000000000000000
0010000000000000000000000000
0010000000000000000000000000
0010000000000000000000000000
0010000000000011100000000000
0010000000001111111000000000
0010000000011100011100000000
0010000000011000001100000000
0010000000011000001100000000
0010000000011100011100000000
0010000000001111111000000000
0010000000001111111000000000
0010000000011100011100000000
0010000000011000001100000000
0010000000011000001110000000
0010000000011000001110000000
0010000000011100011100000000
0010000000001111111000000000
0010000000000111110000000000
0010000000000000000000000000
0010000000000000000000000000
0010000000000000000000000000
0010000000000000000000000000
0000000000000000000000000000
0000000000000000000000000000
