0000000000000000000000000000
0000000000000000000000000000
0011000000000000000000000000
0011000000000000000000000000
0011000000000000000000000000
0011000000000001100000000000
0011000000000111111100000000
0011000000001111111110000000
0011000000011110011110000000
0011000000011100011110000000
0011000000011110011110000000
0011000000011111111110000000
0011000000011111111110000000
0011000000011111111110000000
0011000000011110011110000000
0011000000111100001110000000
0011000000111100001110000000
0011000000111100011110000000
0011000000111111111110000000
0011000000011111111100000000
0011000000000111111000000000
0011000000000000000000000000
0011000000000000000000000000
0011000000000000000000000000
0011000000000000000000000000
0011000000000000000000000100
0000000000000000000000000000
0000000000000000000000000000
