0000000000000000000000000000
0000000000000000000000000000
0000000000000000000000000000
0000000000000000000000000000
0000000000000000000000000000
0000000000000000000000000000
0000000000000000000000000000
0000000000000011000000000000
0000000000011111110000000000
0000000000011111111000000000
0000000000111000011100000000
0000000000110000011100000000
0000000000111000011100000000
0000000000111000011000000000
0000000000011111111000000000
0000000000011111111000000000
0000000000111000111100000000
0000000000110000001100000000
0000000000110000001100000000
0000000000110000001100000000
0000000000110000001100000000
0000000000111000011100000000
0000000000011111111000000000
0000000000001111110000000000
0000000000000000000000000000
0000000000000000000000000000
0000000000000000000000000000
0000000000000000000000000000
