0000000000000000000000000000
0000000000000000000000000000
0000000000000000000000000100
0000000000000000000000000100
0000000000000000000000000100
0000000000000000000000000100
0000000001111110000000000100
0000000011111111000000000100
0000000111000011100000000100
0000000111000001100000000100
0000000111000001100000000100
0000000111000011100000000100
0000000011111111000000000100
0000000011111111000000000100
0000000111100011100000000100
0000000111000001110000000100
0000000110000001110000000100
0000000110000001110000000100
0000000111000001100000000100
0000000111100011100000000100
0000000011111111000000000100
0000000000111110000000000100
0000000000000000000000000100
0000000000000000000000000100
0000000000000000000000000100
0000000000000000000000000100
0000000000000000000000000000
0000000000000000000000000000
