0000000000000000000000000000
0000000000000000000000000000
0010000000000000000000000000
0010000000000000000000000000
0010000000000000000000000000
0010000000000011111000000000
0010000000000111111110000000
0010000000001110001110000000
0010000000011100000111000000
0010000000011100000111000000
0010000000011100000110000000
0010000000001110011110000000
0010000000000111111100000000
0010000000001111111110000000
0010000000011100001110000000
0010000000011100000111000000
0010000000011000000011000000
0010000000011000000111000000
0010000000011100000111000000
0010000000011110001110000000
0010000000001111111100000000
0010000000000011111000000000
0010000000000000000000000000
0010000000000000000000000000
0010000000000000000000000000
0010000000000000000000000000
0000000000000000000000000000
0000000000000000000000000000
