0000000000000000000000000000
0000000000000000000000000000
0000000000000000000000000000
0000000000000000000000000000
0000000000000000000000000000
0000000000011111100000000000
0000000000111111110000000000
0000000000111001110000000000
0000000000111001110000000000
0000000000111001110000000000
0000000000111111100000000000
0000000000111111110000000000
0000000000111001110000000000
0000000001111001111000000000
0000000001111001111000000000
0000000000111111110000000000
0000000000111111110000000000
0000000000011111100000000000
0000000000000000000000000000
0000000000000000000000000000
0000000000000000000000000000
0000000000000000000000000000
0000000000000000000000000000
0000000000000000000000000000
0000000000000000000000000000
0000000000000000000000000000
0000000000000000000000000000
0000000000000000000000000000
