0000000000000000000000000000
0000000000000000000000000000
0010000000000000000000000000
0010000000000000000000000000
0010000000000000000000000000
0010000000000000000000000000
0010000000000000000000000000
0010000000001111100000000000
0010000000011111110000000000
0010000000111000111000000000
0010000000111000011000000000
0010000000111000011000000000
0010000000111100111000000000
0010000000011111110000000000
0010000000011111111000000000
0010000000111000011000000000
0010000000110000011100000000
0010000000110000011100000000
0010000000111000011000000000
0010000000011100111000000000
0010000000001111110000000000
0010000000000010000000000000
0010000000000000000000000000
0011000000000000000000000000
0011000000000000000000000000
0011000000000000000000000000
0000000000000000000000000000
0000000000000000000000000000
