0000000000000000000000000000
0000000000000000000000000000
0011000000000010000000001100
0010000000000000000000000000
0010000000000000000000000000
0010000000000000000000000000
0010000000000000000000000000
0010000000001111110000000000
0010000000011111111000000000
0010000000111111111000000000
0010000000111000111100000000
0000000000111100111100000000
0000000000111111111000000000
0000000000111111111000000000
0000000000111111111100000000
0000000000111111111100000000
0000000001111000111100000000
0000000001111000011100000000
0000000001111000011100000000
0000000000111100111100000000
0000000000111111111000000000
0000000000011111110000000000
0000000000000111000000000000
0000000000000000000000000000
0000000000000000000000000000
0010000000000000000000000000
0000000000000000000000000000
0000000000000000000000000000
