0000000000000000000000000000
0000000000000000000000000000
0000000000000000000000000000
0000000000000000000000000000
0000000000000000000000000000
0000000000011111000000000000
0000000000111111110000000000
0000000001111111111000000000
0000000001111111111000000000
0000000001111001111000000000
0000000001111001111000000000
0000000001111111111000000000
0000000001111111111000000000
0000000001111111111000000000
0000000011111111111100000000
0000000011110001111100000000
0000000011110000111100000000
0000000011111001111100000000
0000000001111111111000000000
0000000000111111110000000000
0000000000111111110000000000
0000000000000000000000000000
0000000000000000000000000000
0000000000000000000000000000
0010000000000000000000000100
0011111111111111111111111100
0000000000000000000000000000
0000000000000000000000000000
