0000000000000000000000000000
0000000000000000000000000000
0000000000001000000000000000
0000000000000000000000000000
0000000000100000000000000000
0000000001000000000000000000
0000000001000000000000000000
0000000000000000101000000000
0000000000100000001000000000
0000000000001000000000000000
0000000000011111000000000000
0000000000111111000000000000
0000000000110001100000000000
0000000000110011000000000000
0000000000011111000000000000
0000000000111111000000000000
0000000000110001100000000000
0000000000100001100000000000
0000000000110011100010000000
0000000000111111000000000000
0000000000001111000000000000
0000000000000000000000000000
0000000000000000000000000000
0000000000000000000000000000
0000000000000000010000000000
0000000000000000000000000000
0000000000000000000000000000
0000000000000000000000000000
