0000000000000000000000000000
0000000000000000000000000000
0000000000000000000000000100
0000000000111000000000000100
0000000011111110000000000100
0000000111111111000000000100
0000001111000011100000000100
0000001110000011100000000100
0000001110000011100000000100
0000000111000111100000000100
0000000011111111000000000100
0000000011111111000000000100
0000000111111111100000000100
0000001110000011100000000100
0000001110000001110000000100
0000001110000001110000000100
0000001110000001110000000100
0000000111000011100000000100
0000000111111111100000000100
0000000001111111000000000100
0000000000011000000000000000
0000000000000000000000000000
0000000000000000000000000000
0000000000000000000000000000
0000000000000000001000000000
0011111111111100001000000100
0000000000000000000000000000
0000000000000000000000000000
