0000000000000000000000000000
0000000000000000000000000000
0010000000000000000000000000
0010000000000000000000000000
0010000000000000000000000000
0010000000000000000000000000
0010000000000011110000000000
0010000000001111111100000000
0010000000011111111110000000
0010000000011100001110000000
0010000000011000001110000000
0010000000011100001110000000
0010000000011110011110000000
0010000000001111111100000000
0010000000011111111100000000
0010000000011110011110000000
0010000000111000000111000000
0010000000111000000111000000
0010000000111000000111000000
0010000000111100000111000000
0010000000011110011110000000
0010000000001111111110000000
0010000000000111111000000000
0010000000000000000000000000
0010000000000000000000000000
0010000000000000000000000000
0000000000000000000000000000
0000000000000000000000000000
