0000000000000000000000000000
0000000000000000000000000000
0010000000000000000000000000
0010000000000000000000000000
0010000000000000000000000000
0010000000000000000000000000
0010000000000111110000000000
0010000000001111111100000000
0010000000011100011100000000
0010000000011100011100000000
0010000000011100011100000000
0010000000011111111100000000
0010000000011111111100000000
0010000000011111111100000000
0010000000011100001110000000
0010000000111000001110000000
0010000000111000001110000000
0010000000111100001110000000
0010000000011110111100000000
0010000000011111111100000000
0010000000000111000000000000
0010000000000000000000000000
0010000000000000000000000000
0010000000000000000000000000
0011000000000000000000000000
0011111111111111111111111100
0000000000000000000000000000
0000000000000000000000000000
