0000000000000000000000000000
0000000000000000000000000000
0010000000000000000000000000
0010000000000000000000000000
0010000000000000000000000000
0011000000000111110000000000
0010000000001111111000000000
0010000000011111111100000000
0010000000011110011100000000
0010000000011110011100000000
0010000000001111111100000000
0010000000001111111000000000
0011000000011111111100000000
0010000000011110011110000000
0010000000011100011110000000
0010000000011110111110000000
0010000000011111111100000000
0010000000001111111000000000
0010000000000011100000000000
0010000000000000000000000000
0010000000000000000000000000
0010000000000000000000000000
0010000000000000000000000000
0010000000000000000000000000
0010000000000000000000000000
0010000000000000000000000000
0000000000000000000000000000
0000000000000000000000000000
