0000000000000000000000000000
0000000000000000000000000000
0000000000000000000000000100
0000000000000000000000000100
0000000000000000000000000100
0000000000000000000000000100
0000000000011111100000000100
0000000000111111110000000100
0000000001111111110000000100
0000000001111011110000000100
0000000001111111110000000100
0000000000111111110000000100
0000000000111111110000000100
0000000001111111110000000100
0000000001111011111000000100
0000000001111011111000000100
0000000001111111110000000100
0000000001111111110000000100
0000000000111111100000000100
0000000000000100000000000100
0000000000000000000000000100
0000000000000000000000000100
0000000000000000000000000100
0000000000000000000000000100
0000000000000000000000000100
0000000000000000000000000100
0000000000000000000000000000
0000000000000000000000000000
