0000000000000000000000000000
0000000000000000000000000000
0000000000000000000000000000
0000000000000000000000000000
0000000000000000000000000000
0000000000000000000000000000
0000000000000111100000000000
0000000000011111111000000000
0000000000111111111000000000
0000000001111000111100000000
0000000001110000011100000000
0000000001111000011100000000
0000000000111000111100000000
0000000000111111111000000000
0000000000011111111000000000
0000000001111111111100000000
0000000001111000011110000000
0000000001110000001110000000
0000000001110000001110000000
0000000001110000001110000000
0000000001111000011100000000
0000000000111111111100000000
0000000000011111111000000000
0000000000000000000000000000
0000000000000000000000000000
0000000000000000000000000000
0000000000000000000000000000
0000000000000000000000000000
