0000000000000000000000000000
0000000000000000000000000000
0001000000000000000000000000
0001000000000011111000000000
0001000000000111111100000000
0001000000000111001110000000
0001000000000111001110000000
0001000000000111011100000000
0001000000000011111100000000
0001000000000111111100000000
0001000000001110001110000000
0011000000001110001110000000
0011000000001110001110000000
0011000000000111111110000000
0011000000000111111100000000
0011000000000001110000000000
0011000000000000000000000000
0011000000000000000000000000
0011000000000000000000000000
0011000000000000000000000000
0011000000000000000000000000
0011000000000000000000000000
0011100000000000000000000000
0011111111111111111111111100
0011111111111111111111111100
0011000000000000011111111100
0000000000000000000000000000
0000000000000000000000000000
