0000000000000000000000000000
0000000000000000000000000000
0010000000000000000000000000
0010000000000000000000000000
0010000000000000000000000000
0010000000000000000000000000
0010000000000011100000000000
0010000000001111111000000000
0010000000011111111100000000
0010000000111111111100000000
0010000000111100111100000000
0010000000111100111100000000
0010000000111111111100000000
0010000000111111111100000000
0010000000111111111100000000
0010000000111111111100000000
0010000000111000011110000000
0000000001111000011110000000
0010000001111000011110000000
0010000000111111111100000000
0010000000111111111100000000
0010000000011111110000000000
0010000000000111100000000000
0010000000000000000000000000
0010000000000000000000000000
0010000000000000000000000000
0000000000000000000000000000
0000000000000000000000000000
