0000000000000000000000000000
0000000000000000000000000000
0000000000000000000000000100
0000000000000000000000000100
0000000000000000000000000100
0000000000110000000000000100
0000000011111110000000000100
0000000011111111000000000100
0000000111000011100000000100
0000000111000011100000000100
0000000111000011100000000100
0000000011100111100000000100
0000000011111111000000000100
0000000011111111000000000100
0000000111000011100000000100
0000000111000001110000000000
0000000110000001110000000000
0000000111000001110000000000
0000000111000001100000000000
0000000011111111100000000000
0000000001111111000000000000
0000000000011100000000000000
0000000000000000000000000000
0000000000000000000000000000
0000000000000000000000000000
0000000000000000000000000000
0000000000000000000000000000
0000000000000000000000000000
