0000000000000000000000000000
0000000000000000000000000000
0011000000000000000000000000
0011000000000000000000000000
0011000000000000000000000000
0011000000000000000000000000
0011000000000111111100000000
0011000000001111111110000000
0011000000001111011110000000
0011000000011110001110000000
0011000000011110001110000000
0011000000001111111110000000
0011000000001111111110000000
0011000000001111111110000000
0011000000011111011110000000
0011000000011100001111000000
0011000000011100000111000000
0011000000011100000111000000
0011000000011110001110000000
0011000000001111111110000000
0011000000000111111100000000
0011000000000000000000000000
0011000000000000000000000000
0011000000000000000000000000
0011000000000000000000000000
0011100000000000000000000000
0000000000000000000000000000
0000000000000000000000000000
