0000000000000000000000000000
0000000000000000000000000000
0011000000000000000000000000
0011000000000000000000000000
0011000000000000000000000000
0011000000000011110000000000
0011000000001111111100000000
0011000000011111111100000000
0011000000011100011110000000
0011000000011100011110000000
0011000000011110111110000000
0011000000011111111100000000
0011000000011111111100000000
0011000000011111111110000000
0011000000111110011110000000
0011000000111100001110000000
0011000000111100001110000000
0011000000111100011110000000
0011000000111111111110000000
0011000000011111111100000000
0011000000000111110000000000
0011000000000000000000000000
0011000000000000000000000000
0011000000000000000000000000
0011000000000000000000000000
0011100000000011111100011100
0000000000000000000000000000
0000000000000000000000000000
