0000000000000000000000000000
0000000000000000000000000000
0000000000000000000000000000
0000000000000000000000000000
0000000000000000000000000000
0000000000000000000000000000
0000000000001111000000000000
0000000000011111110000000000
0000000000111111111000000000
0000000000111000111000000000
0000000000111000111000000000
0000000000111111111000000000
0000000000111111111000000000
0000000000111111111000000000
0000000000111111111000000000
0000000001111000111100000000
0000000001110000011100000000
0000000001110000011100000000
0000000001111000111000000000
0000000000111111111000000000
0000000000011111110000000000
0000000000000100000000000000
0000000000000000000000000000
0000000000000000000000000000
0000000000000000000000000000
0011111111111111111111111100
0000000000000000000000000000
0000000000000000000000000000
