0000000000000000000000000000
0000000000000000000000000000
0011000000000000000000000000
0011000000000000000000000000
0011000000000000000000000000
0011000000000011110000000000
0011000000000111111100000000
0011000000001111111100000000
0011000000011110011110000000
0011000000011100001110000000
0011000000011110011110000000
0011000000001111111100000000
0011000000001111111110000000
0011000000011111111110000000
0011000000011110001110000000
0011000000011100001110000000
0011000000011100001110000000
0011000000011100001110000000
0011000000011111111110000000
0011000000001111111100000000
0011000000000011110000000000
0011000000000000000000000000
0011000000000000000000000000
0011000000000000000000000000
0011000000000000000000000000
0011100101111111100000011100
0000000000000000000000000000
0000000000000000000000000000
