0000000000000000000000000000
0000000000000000000000000000
0010000000000000000000000000
0010000000000000000000000000
0000000000000000000000000000
0000000000000000000000000000
0000000000000111100000000000
0000000000011111111000000000
0000000000011111111100000000
0000000000111111111100000000
0000000000111000111100000000
0000000000111100111100000000
0000000000111111111100000000
0000000000111111111100000000
0000000000111111111100000000
0000000000111110111100000000
0000000001111000011110000000
0000000001111000011110000000
0010000001111100111110000000
0010000001111111111100000000
0010000000111111111100000000
0010000000011111111000000000
0010000000000110000000000000
0010000000000000000000000000
0010000000000000000000000000
0011100000000000000000000100
0000000000000000000000000000
0000000000000000000000000000
