0000000000000000000000000000
0000000000000000000000000000
0000000000000000000000000000
0000000000000000000000000000
0000000000000000000000000000
0000000000000000000000000000
0000000000000000000000000000
0000000000000001100000000000
0000000000001111111000000000
0000000000011111111100000000
0000000000111100001110000000
0000000000111000001110000000
0000000000111000001110000000
0000000000011100001110000000
0000000000011111111100000000
0000000000001111111100000000
0000000000011110111110000000
0000000000111000001110000000
0000000000111000000110000000
0000000000111000000110000000
0000000000111000000110000000
0000000000111000001110000000
0000000000011111111100000000
0000000000001111111000000000
0000000000000011000000000000
0000000000000000000000000000
0000000000000000000000000000
0000000000000000000000000000
