0000000000000000000000000000
0000000000000000000000000000
0010000000000000000000000000
0010000000000000000000000000
0010000000000000000000000000
0010000000000000000000000000
0010000000000000000000000000
0010000000000111110000000000
0000000000001111111100000000
0000000000011110111110000000
0000000000011100001110000000
0000000000011000001110000000
0000000000011000001110000000
0000000000011110011100000000
0000000000001111111000000000
0000000000011111111100000000
0000000000011100001110000000
0000000000111000001110000000
0000000000111000000111000000
0000000000111000000110000000
0000000000111000001110000000
0000000000111110011110000000
0000000000011111111100000000
0000000000000111110000000000
0000000000000000000000000000
0000000000000000000000000000
0000000000000000000000000000
0000000000000000000000000000
