0000000000000000000000000000
0000000000000000000000000000
0000000000000000000000000000
0000000000000000000000000000
0000000000000000000000000000
0000000000000110000000000000
0000000000011111100000000000
0000000000111111110000000000
0000000000111001110000000000
0000000000111001110000000000
0000000000111111110000000000
0000000000011111100000000000
0000000000111111110000000000
0000000000111000111000000000
0000000000110000111000000000
0000000000111000111000000000
0000000000111111110000000000
0000000000011111100000000000
0000000000000110000000000000
0000000000000000000000000000
0000000000000000000000000000
0000000000000000000000000000
0000000000000000000000000000
0000000000000000000000000000
0000000000000000000000000000
0000000000000000000000000000
0000000000000000000000000000
0000000000000000000000000000
