0000000000000000000000000000
0000000000000000000000000000
0000000000000000000000000000
0000000000000000000000000000
0000000000001111000000000000
0000000000011111110000000000
0000000000011111110000000000
0000000000111000110000000000
0000000000011100110000000000
0000000000011111110000000000
0000000000011111110000000000
0000000000111101111000000000
0000000000111000111000000000
0000000000111000111000000000
0000000000111001111000000000
0000000000011111110000000000
0000000000001111100000000000
0000000000000000000000000000
0000000000000000000000000000
0000000000000000000000000000
0000000000000000000000000000
0000000000000000000000000000
0000000000000000000000000000
0000000000000000000000000000
0000000000000000000000000000
0011111111111111111010000000
0000000000000000000000000000
0000000000000000000000000000
