0000000000000000000000000000
0000000000000000000000000000
0011000000000000000000000000
0011000000000000000000000000
0011000000000000000000000000
0011000000000011111000000000
0011000000000111111100000000
0011000000001111111110000000
0011000000011110001110000000
0011000000011110001110000000
0011000000001110011110000000
0011000000001111111110000000
0011000000001111111110000000
0011000000011111111110000000
0011000000011110001111000000
0011000000011100000111000000
0011000000011100000111000000
0011000000011110001111000000
0011000000011111111110000000
0011000000001111111100000000
0011000000000001110000000000
0011000000000000000000000000
0011000000000000000000000000
0011000000000000000000000000
0011000000000000000000000000
0011111111111111111111111100
0000000000000000000000000000
0000000000000000000000000000
