0000000000000000000000000000
0000000000000000000000000000
0000000000000000000000000000
0000000000000000000000000000
0000000000000000000000000000
0000000000000000000000000000
0000000000000000000000000000
0000000000000000000000000000
0000000000011111100000000000
0000000000111000110000000000
0000000000110000111000000000
0000000001110000111000000000
0000000000111100110000000000
0000000000111111100000000000
0000000000011111110000000000
0000000000011111111000000000
0000000000110000111000000000
0000000000110000111000000000
0000000001110000011000000000
0000000000110000111000000000
0000000000111101110000000000
0000000000001111000000000000
0000000000000000000000000000
0000000000000000000000000000
0000000000000000000000000000
0000000000000000000000000000
0000000000000000000000000000
0000000000000000000000000000
