0000000000000000000000000000
0000000000000000000000000000
0000000000000000000000000000
0000000000000000000000000000
0000000000000000000000000000
0000000000000000000000000000
0000000000111110000000000000
0000000001111111100000000000
0000000011100011100000000000
0000000111000001110000000000
0000000111000001110000000000
0000000111000001110000000000
0000000011100011110000000000
0000000001111111100000000000
0000000001111111000000000000
0000000011110111100000000000
0000000111000001110000000000
0000000110000000111000000000
0000001110000000111000000000
0000001110000000111000000000
0000000110000000111000000000
0000000111000001110000000000
0000000011111111110000000000
0000000001111111000000000000
0000000000011110000000000000
0000000000000000000000000000
0000000000000000000000000000
0000000000000000000000000000
