0000000000000000000000000000
0000000000000000000000000000
0000000000000000000000000000
0000000000000000000000000000
0000000000000000000000000000
0000000000000000000000000000
0000000000000000000000000000
0000000000000000000000000000
0000000000000000000000000000
0000000000111100000000000000
0000000011111111000000000000
0000000111101111100000000000
0000000111000011100000000000
0000000110000011100000000000
0000000111000011100000000000
0000000111100111000000000000
0000000011111110000000000000
0000000011111110000000000000
0000000011111111000000000000
0000000111001111100000000000
0000001110000011100000000000
0000001110000011110000000000
0000001110000001110000000000
0000001110000011100000000000
0000001111000111100000000000
0000000111111111000000000000
0000000000000000000000000000
0000000000000000000000000000
