0000000000000000000000000000
0000000000000000000000000000
0000000000000000000000000000
0000000000000000000000000000
0000000000001100000000000000
0000000000111111100000000000
0000000001111111100000000000
0000000001100001110000000000
0000000011100000110000000000
0000000011100000110000000000
0000000001100001110000000000
0000000001111111100000000000
0000000000111111100000000000
0000000001111111100000000000
0000000011100001110000000000
0000000011000000110000000000
0000000011000000110000000000
0000000011000000110000000000
0000000011000000110000000000
0000000011110001110000000000
0000000001111111100000000000
0000000000111111000000000000
0000000000000000000000000000
0000000000000000000000000000
0000000000000000000000000100
0000000000000000000000000100
0000000000000000000000000000
0000000000000000000000000000
