0000000000000000000000000000
0000000000000000000000000000
0011111111111111111111111100
0010000000000000000000000000
0010000000000000000000000000
0010000000000000000000000000
0010000000000000000000000000
0010000000000000000000000000
0010000000000111111000000000
0010000000001111111100000000
0010000000001110001110000000
0010000000011100001110000000
0000000000011100000110000000
0000000000011100001110000000
0000000000011110011110000000
0000000000001111111100000000
0000000000001111111110000000
0000000000011100001110000000
0010000000011000000111000000
0000000000111000000111000000
0010000000111000000111000000
0010000000011100000111000000
0010000000011110001110000000
0000000000001111111100000000
0000000000000111111000000000
0000000000000000000000000000
0000000000000000000000000000
0000000000000000000000000000
