0000000000000000000000000000
0000000000000000000000000000
0011111111111111111111111100
0011111111111111111111111100
0000000000000000000000000000
0000000000000000000000000000
0000000000000000000000000000
0000000000000000000000000000
0000000000000000000000000000
0000000000011111000000000000
0000000000111111110000000000
0000000001110000110000000000
0000000001100000111000000000
0000000001100000111000000000
0000000001110000111000000000
0000000000111011110000000000
0000000000011111100000000000
0000000001111111110000000000
0000000001110000111000000000
0000000001100000011000000000
0000000001100000011000000000
0000000001100000011000000000
0000000001110000111000000000
0000000000111111110000000000
0000000000011111100000000000
0000000000000000000000000000
0000000000000000000000000000
0000000000000000000000000000
