0000000000000000000000000000
0000000000000000000000000000
0000000000000000000000000000
0000000000000000000000000000
0000000000000000000000000000
0000000000000000000000000000
0000000000000000000000000000
0000000000000000000000000000
0000000000000000000000000000
0000000000000000000000000000
0000000000000000000000000000
0000000000000000000000000000
0000000000000000000000000000
0000011111100000000000000000
0000111111110000000000000000
0001111001111000000000000000
0001110000111000000000000000
0001110000111000000000000000
0001110000111100000000000000
0001111111111100000000000000
0000111111111100000000000000
0000000110111000000000000000
0000000000111000000000000000
0000000001111000000000000000
0000110111110000000000000000
0000111111100000000000000000
0000000000000000000000000000
0000000000000000000000000000
