0000000000000000000000000000
0000000000000000000000000000
0000000000000000000000000000
0000000000000111110000000000
0000000000001111111000000000
0000000000001110111000000000
0000000000011110011000000000
0000000000011100011100000000
0000000000011100111100000000
0000000000001111111100000000
0000000000001111111100000000
0000000000000111111100000000
0000000000000000011000000000
0000000000001110111000000000
0000000000001111110000000000
0000000000000111100000000000
0000000000000000000000000000
0000000000000000000000000000
0000000000000000000000000000
0000000000000000000000000000
0000000000000000000000000000
0000000000000000000000000000
0000000000000000000000000000
0000000000000000000000000000
0000000000000000000000000000
0000000000000000000000000000
0000000000000000000000000000
0000000000000000000000000000
