0000000000000000000000000000
0000000000000000000000000000
0000000000000000000000000000
0000000001111100000000000000
0000000011111100000000000000
0000000111001110000000000000
0000000110000110000000000000
0000000110000111000000000000
0000001110000111000000000000
0000000110000111000000000000
0000000110000111000000000000
0000000111111111000000000000
0000000011111111000000000000
0000000000000111000000000000
0000000100000110000000000000
0000000110000110000000000000
0000000111001100000000000000
0000000011111100000000000000
0000000000110000000000000000
0000000000000000000000000000
0000000000000000000000000000
0000000000000000000000000000
0000000000000000000000000000
0000000000000000000000000000
0000000000000000000000000000
0000000000000000000000000000
0000000000000000000000000000
0000000000000000000000000000
