0000000000000000000000000000
0000000000000000000000000000
0000000000000000000000000000
0000000000000000000000000000
0000000000000000000000000000
0000000000000000000000000000
0000000000000000000000000000
0000000000000000000000000000
0000000000000000000000000000
0000000000000000000000000000
0000000000000000000000000000
0000000011100000000000000000
0000001100011000000000000000
0000001100001000000000000000
0000011000001100000000000000
0000011000001100000000000000
0000011000001100000000000000
0000011100001100000000000000
0000001111111100000000000000
0000000111111100000000000000
0000000000011000000000000000
0000000000111000000000000000
0000000000110000000000000000
0000000011000000000000000000
0000000000000000000000000000
0000000000000000000000000000
0000000000000000000000000000
0000000000000000000000000000
