0000000000000000000000000000
0000000000000000000000000000
0000000000000000000000000000
0000000000000000000000000000
0000000000000000000000000000
0000000000000000000000000000
0000000000000000000000000000
0000000000000000000000000000
0000000000000000000000000000
0000000000000000000000000000
0000000000000000000000000000
0000000000000011111100000000
0000000000000111111111000000
0000000000001110000111100000
0000000000001110000011100000
0000000000011100000011100000
0000000000011100000011100000
0000000000001110000011100000
0000000000001111001111100000
0000000000000111111111100000
0000000000000000110011100000
0000000000000000000011100000
0000000000000000000111000000
0000000000000000001111000000
0000000000001111111110000000
0000000000000111110000000000
0000000000000000000000000000
0000000000000000000000000000
