0000000000000000000000000000
0000000000000000000000000000
0000000000000000000000000000
0000000000000000000000000000
0000000000000000000000000000
0000000000000000000000000000
0000000000000000000000000000
0000000000000000000000000000
0000000000000000000000000000
0000000000000000000000000000
0000000000000000000000000000
0000000000000000000000000000
0000000000000000000000000000
0000000000000111111000000000
0000000000011111111100000000
0000000000111100011110000000
0000000000111000001110000000
0000000000110000000111000000
0000000000110000000111000000
0000000000110000000111000000
0000000000111000001111000000
0000000000011111111111000000
0000000000001111111111000000
0000000000000001000111000000
0000000000000000000110000000
0000000000111000001110000000
0000000000111100011100000000
0000000000011111111100000000
