0000000000000000000000000000
0000000000000000000000000000
0000000000000000000000000000
0000000000000000000000000000
0000000000000000000000000000
0000000000000000000000000000
0000000011111100000000000000
0000000111111100000000000000
0000001110001110000000000000
0000001100000110000000000000
0000001100000111000000000000
0000011100000111000000000000
0000011100000111000000000000
0000011100000111000000000000
0000001100000111000000000000
0000001110001111000000000000
0000000111111111000000000000
0000000011111111000000000000
0000000000000111000000000000
0000000000000111000000000000
0000000000000110000000000000
0000000000001110000000000000
0000000100011100000000000000
0000001111111100000000000000
0000000111110000000000000000
0000000000000000000000000000
0000000000000000000000000000
0000000000000000000000000000
