0000000000000000000000000000
0000000000000000000000000000
0000000000000000000000000000
0000000000000000000000000000
0000000000000000000000000000
0000000000000000000000000000
0000000000000000000000000000
0000000000000000000000000000
0000000000000001111100000000
0000000000000011111110000000
0000000000000011000111000000
0000000000000111000011000000
0000000000000110000011000000
0000000000000110000011100000
0000000000000111000011100000
0000000000000011000111100000
0000000000000011111111000000
0000000000000001111111000000
0000000000000000000011000000
0000000000000010000011000000
0000000000000111000111000000
0000000000000011111110000000
0000000000000011111100000000
0000000000000000110000000000
0000000000000000000000000000
0000000000000000000000000000
0000000000000000000000000000
0000000000000000000000000000
