0000000000000000000000000000
0000000000000000000000000000
0000000000000000000000000000
0000000000000000000000000000
0000000000000000000000000000
0000000000000000000000000000
0000000000000000000000000000
0000000000000000000000000000
0000000000000000000000000000
0000000000000000000000000000
0000111110000000000000000000
0011111111000000000000000000
0111110111110000000000000000
0111000001110000000000000000
1111000000111000000000000000
1110000000111000000000000000
1110000000111000000000000000
1110000000111000000000000000
1110000000111000000000000000
1111000001111000000000000000
0111100011111000000000000000
0011111111111000000000000000
0001111111111000000000000000
0000011000111000000000000000
0110000000111000000000000000
0110000000111000000000000000
0111000001110000000000000000
0111100111100000000000000000
