0000000000000000000000000000
0000000000000000000000000000
0000000000000000000000000000
0000000000000000000000000000
0000000000000000000000000000
0000001111000000000000000000
0000011111100000000000000000
0000111001110000000000000000
0000110001110000000000000000
0000110000110000000000000000
0000111000110000000000000000
0000111001110000000000000000
0000011111110000000000000000
0000001111110000000000000000
0000000000110000000000000000
0000000001110000000000000000
0000000001100000000000000000
0000011111100000000000000000
0000011111000000000000000000
0000000100000000000000000000
0000000000000000000000000000
0000000000000000000000000000
0000000000000000000000000000
0000000000000000000000000000
0000000000000000000000000000
0000000000000000000000000000
0000000000000000000000000000
0000000000000000000000000000
