0000000000000000000000000000
0000000000000000000000000000
0000000000000000000000000000
0000000000000000000000000000
0000000000000000000000000000
0000000000000000000000000000
0000000000000000000000000000
0000000000000000000000000000
0000000001111110000000000000
0000000011111111000000000000
0000000011111111000000000000
0000000011100111100000000000
0000000011100111100000000000
0000000011111111100000000000
0000000011111111100000000000
0000000000000111100000000000
0000000011100111100000000000
0000000011111111000000000000
0000000011111111000000000000
0000000001111110000000000000
0000000000000000000000000000
0000000000000000000000000000
0000000000000000000000000000
0000000000000000000000000000
0000000000000000000000000000
0000000000000000000000000000
0000000000000000000000000000
0000000000000000000000000000
