0000000000000000000000000000
0000000000000000000000000000
0000000000000000000000000000
0000000000000000000000000000
0000000000000000000000000000
0000000000000000000110000000
0000000000000000011111100000
0000000000000000111111110000
0000000000000001110000110000
0000000000000001110000111000
0000000000000001110000111000
0000000000000001110000111000
0000000000000001110001111000
0000000000000000111111111000
0000000000000000011111111000
0000000000000000000000111000
0000000000000001100000110000
0000000000000001110001110000
0000000000000000111111100000
0000000000000000011111000000
0000000000000000000000000000
0000000000000000000000000000
0000000000000000000000000000
0000000000000000000000000000
0000000000000000000000000000
0000000000000000000000000000
0000000000000000000000000000
0000000000000000000000000000
