0000000000000000000000000000
0000000000000000000000000000
0000000000000000000000000000
0000000000000000000000000000
0000000000000000000000000000
0000000000000000000000000000
0000000000000000000000000000
0000000000000000000000000000
0000000000000000000000000000
0000000000000000000000000000
0000000000000000000000000000
0000000000000000000000000000
0000000000000000000000000000
0000000000000000000000000000
0000000000000000111111000000
0000000000000001111111100000
0000000000000011110011110000
0000000000000011100001110000
0000000000000011000001110000
0000000000000111000000111000
0000000000000111000000111000
0000000000000111000000111000
0000000000000111000000111000
0000000000000011100000111000
0000000000000011100011111000
0000000000000011111111111000
0000000000000001111111111000
0000000000000000011100111000
