0000000000000000000000000000
0000000000000000000000000000
0000000000000000000000000000
0000000000000000000000000000
0000000000000000000000000000
0000000000000000000000000000
0000000000000000000000000000
0000000000000000000000000000
0000000000000001110000000000
0000000000000111111100000000
0000000000001111111110000000
0000000000011100000111000000
0000000000011100000011000000
0000000000011100000011100000
0000000000011100000011100000
0000000000011100000111100000
0000000000001111111111100000
0000000000000111111111100000
0000000000000000000011000000
0000000000011000000111000000
0000000000011100000111000000
0000000000011110011110000000
0000000000001111111100000000
0000000000000001110000000000
0000000000000000000000000000
0000000000000000000000000000
0000000000000000000000000000
0000000000000000000000000000
