0000000000000000000000000000
0000000000000000000000000000
0000000000000000000000000000
0000000000000000000000000000
0000000000001111100000000000
0000000000111111111000000000
0000000001111000111100000000
0000000001110000011100000000
0000000001110000001100000000
0000000001110000001110000000
0000000001110000011110000000
0000000001111000111110000000
0000000000111111111110000000
0000000000001111101100000000
0000000000000000001100000000
0000000001110000011100000000
0000000001111000111000000000
0000000000111111111000000000
0000000000011111100000000000
0000000000000000000000000000
0000000000000000000000000000
0000000000000000000000000000
0000000000000000000000000000
0000000000000000000000000000
0000000000000000000000000000
0000000000000000000000000000
0000000000000000000000000000
0000000000000000000000000000
