0000000000000000000000000000
0000000000000000000000000000
0000000000000000000000000000
0000000000000000000000000000
0000000001111110000000000000
0000000001111111000000000000
0000000011100111000000000000
0000000011000011100000000000
0000000111000011100000000000
0000000111000001100000000000
0000000111000011100000000000
0000000111000011100000000000
0000000011100011100000000000
0000000011111111100000000000
0000000001111111100000000000
0000000000011001100000000000
0000000000000011100000000000
0000000000000011100000000000
0000000000000111000000000000
0000000011001111000000000000
0000000011111110000000000000
0000000000000000000000000000
0000000000000000000000000000
0000000000000000000000000000
0000000000000000000000000000
0000000000000000000000000000
0000000000000000000000000000
0000000000000000000000000000
