0000000000000000000000000000
0000000011100000000000000000
0000001111111100000000000000
0000011100111100000000000000
0000111000011110000000000000
0000111000001110000000000000
0000111000001110000000000000
0000111000001111000000000000
0000111100001111000000000000
0000111110011111000000000000
0000111111111111000000000000
0000011111111110000000000000
0000000100011110000000000000
0000000000011100000000000000
0000000000011100000000000000
0000000000111000000000000000
0000000011110000000000000000
0000011111000000000000000000
0000001100000000000000000000
0000000000000000000000000000
0000000000000000000000000000
0000000000000000000000000000
0000000000000000000000000000
0000000000000000000000000000
0000000000000000000000000000
0000000000000000000000000000
0000000000000000000000000000
0000000000000000000000000000
