0000000000000000000000000000
0000000000000000000000000000
0000000000000000000000000000
0000000000000000000000000000
0000000000000000000000000000
0000000000000010000000000000
0000000000001111100000000000
0000000000001111100000000000
0000000000011100110000000000
0000000000011000110000000000
0000000000011100110000000000
0000000000011100110000000000
0000000000001111110000000000
0000000000001111110000000000
0000000000000000110000000000
0000000000001000110000000000
0000000000011101100000000000
0000000000001111100000000000
0000000000001111000000000000
0000000000000000000000000000
0000000000000000000000000000
0000000000000000000000000000
0000000000000000000000000000
0000000000000000000000000000
0000000000000000000000000000
0000000000000000000000000000
0000000000000000000000000000
0000000000000000000000000000
