0000000000000000000000000000
0000000000000000000000000000
0000000000000000000000000000
0000000000000000000000000000
0000000000001111000000000000
0000000000011111100000000000
0000000000111011110000000000
0000000000110001110000000000
0000000000110000110000000000
0000000000110000110000000000
0000000000110000110000000000
0000000000111111110000000000
0000000000011111110000000000
0000000000000100110000000000
0000000000000000110000000000
0000000000000001110000000000
0000000000000011100000000000
0000000000111111100000000000
0000000000011111000000000000
0000000000000000000000000000
0000000000000000000000000000
0000000000000000000000000000
0000000000000000000000000000
0000000000000000000000000000
0000000000000000000000000000
0000000000000000000000000000
0000000000000000000000000000
0000000000000000000000000000
