0000000000000000000000000000
0000000000000000000000000000
0000000000000000000000000000
0000000000000000000000000000
0000000000000000000000000000
0000011110000000000000000000
0000111111100000000000000000
0001111111110000000000000000
0011111011110000000000000000
0011110001110000000000000000
0011110001111000000000000000
0011110001111000000000000000
0011110001111000000000000000
0011111011111000000000000000
0001111111111000000000000000
0001111111111000000000000000
0000111111111000000000000000
0000000001110000000000000000
0001110011110000000000000000
0001111111100000000000000000
0001111111100000000000000000
0000011110000000000000000000
0000000000000000000000000000
0000000000000000000000000000
0000000000000000000000000000
0000000000000000000000000000
0000000000000000000000000000
0000000000000000000000000000
