0000000000000000000000000000
0000000000000000000000000000
0000000000000000000000000000
0000000000000000000000000000
0000000000000000000000000000
0000000000000000000000000000
0000000000000000000000000000
0000000000000000000000000000
0000000000000000000000000000
0000000000000000000000000000
0000000011110000000000000000
0000000111110000000000000000
0000001111111000000000000000
0000001111111000000000000000
0000001110011100000000000000
0000001110011100000000000000
0000001110011100000000000000
0000001110011100000000000000
0000001110011100000000000000
0000001111111100000000000000
0000001111111100000000000000
0000000111111100000000000000
0000000011111100000000000000
0000000000011100000000000000
0000001100111000000000000000
0000001111111000000000000000
0000001111110000000000000000
0000000111110000000000000000
