0000000000000000000000000000
0000000000000000000000000000
0000000000000000000000000000
0000000000000000000000000000
0000000000000000000000000000
0000011111100000000000000000
0000111111111000000000000000
0001111000111000000000000000
0001110000011100000000000000
0001100000011100000000000000
0001100000011100000000000000
0001110000011100000000000000
0001110000111100000000000000
0000111111111100000000000000
0000011111111100000000000000
0000000000001100000000000000
0001100000011100000000000000
0001110000011000000000000000
0000111001111000000000000000
0000011111110000000000000000
0000001111000000000000000000
0000000000000000000000000000
0000000000000000000000000000
0000000000000000000000000000
0000000000000000000000000000
0000000000000000000000000000
0000000000000000000000000000
0000000000000000000000000000
