0000000000000000000000000000
0000000000000000000000000000
0000000000000000000000000000
0000000000000000000000000000
0000000000000000000000000000
0000000000000000000000000000
0000000000000000000000000000
0000000000000000000000000000
0000011100000000000000000000
0001111111000000000000000000
0011111111100000000000000000
0111100011110000000000000000
0111000001110000000000000000
0111000001110000000000000000
0111100011110000000000000000
0011111111110000000000000000
0000111111110000000000000000
0000000001110000000000000000
0000000011100000000000000000
0000000111100000000000000000
0011111111000000000000000000
0001111000000000000000000000
0000000000000000000000000000
0000000000000000000000000000
0000000000000000000000000000
0000000000000000000000000000
0000000000000000000000000000
0000000000000000000000000000
