0000000000000000000000000000
0000000000000000000000000000
0000000000000000000000000000
0000000000000000000000000000
0000000000000000000000000000
0000000000000000000000000000
0000000000000000000000000000
0000000000000000000000000000
0000000000000000000000000000
0000000000000000000000000000
0000000000000000000000000000
0000000000000000000000000000
0000000000000000000000000000
0000000111111000000000000000
0000001110011100000000000000
0000001100001110000000000000
0000011100000110000000000000
0000011000000110000000000000
0000011100001110000000000000
0000001110011110000000000000
0000000111111110000000000000
0000000011110110000000000000
0000000000000110000000000000
0000001100001100000000000000
0000001110011100000000000000
0000000111111000000000000000
0000000001100000000000000000
0000000000000000000000000000
