0000000000000000000000000000
0000000000000000000000000000
0000000000000000000000000000
0000000000000011111000000000
0000000000000111111100000000
0000000000001111111110000000
0000000000011111011110000000
0000000000011110001110000000
0000000000011110001111000000
0000000000011110001111000000
0000000000011111011111000000
0000000000001111111111000000
0000000000001111111111000000
0000000000000111111111000000
0000000000000000001111000000
0000000000000000001110000000
0000000000001110011110000000
0000000000001111111110000000
0000000000001111111100000000
0000000000000111111000000000
0000000000000001100000000000
0000000000000000000000000000
0000000000000000000000000000
0000000000000000000000000000
0000000000000000000000000000
0000000000000000000000000000
0000000000000000000000000000
0000000000000000000000000000
