0000000000000000000000000000
0000000000000000000000000000
0000000000000000000000000000
0000000000000000000000000000
0000000000000000000000000000
0000000000000000000000000000
0000000000000000000000000000
0000000000000000000000000000
0000000000000000000000000000
0000000000000000011111100000
0000000000000001111111110000
0000000000000011111111111000
0000000000000011110000111100
0000000000000011100000011100
0000000000000111100000011100
0000000000000111000000011100
0000000000000011100000011110
0000000000000011100000111100
0000000000000011110001111100
0000000000000001111111111100
0000000000000001111111111100
0000000000000000011110011100
0000000000000000000000011100
0000000000000011000000011100
0000000000000011100000111000
0000000000000011110001111000
0000000000000001111111110000
0000000000000001111111100000
