0000000000000000000000000000
0000000000000000000000000000
0000000000000000000000000000
0000000000000000000000000000
0000000000000000111111000000
0000000000000001111111100000
0000000000000011100001110000
0000000000000011100000110000
0000000000000011000000111000
0000000000000011000000111000
0000000000000011100001111000
0000000000000001111111111000
0000000000000000111111110000
0000000000000000000000110000
0000000000000011000001110000
0000000000000011100001110000
0000000000000011111111100000
0000000000000001111111000000
0000000000000000000000000000
0000000000000000000000000000
0000000000000000000000000000
0000000000000000000000000000
0000000000000000000000000000
0000000000000000000000000000
0000000000000000000000000000
0000000000000000000000000000
0000000000000000000000000000
0000000000000000000000000000
