0000000000000000000000000000
0000000000000000000000000000
0000000000000000000000000000
0000000000000000000000000000
0000000000000000000000000000
0000000000000000000000000000
0000000000000000000000000000
0000000000000000000000000000
0000000000000000000000000000
0000000000011111100000000000
0000000000111111110000000000
0000000011111111111000000000
0000000011111001111100000000
0000000011110000111100000000
0000000111100000011110000000
0000000011100000011110000000
0000000111100000011110000000
0000000011100000011110000000
0000000011110000111110000000
0000000011111011111110000000
0000000001111111111110000000
0000000000011111111110000000
0000000000000000011100000000
0000000000000000011100000000
0000000000000000111100000000
0000000011100011111000000000
0000000011111111110000000000
0000000011111111100000000000
