0000000000000000000000000000
0000000000000000000000000000
0000000000000000000000000000
0000000000000000000000000000
0000000000000000000000000000
0000000000000000000000000000
0000000000000000000000000000
0000000000000000000000000000
0000000000111111000000000000
0000000001111111100000000000
0000000001110011100000000000
0000000001100001100000000000
0000000011100001110000000000
0000000011100001110000000000
0000000011100001110000000000
0000000001100001110000000000
0000000001111111110000000000
0000000000111111110000000000
0000000000001100110000000000
0000000001000001100000000000
0000000001100001100000000000
0000000001110011100000000000
0000000001111111000000000000
0000000000111110000000000000
0000000000000000000000000000
0000000000000000000000000000
0000000000000000000000000000
0000000000000000000000000000
