0000000000000000000000000000
0000000000000000000000000000
0000000000000000000000000000
0000000000000000000000000000
0000000000000000000000000000
0000000001111111100000000000
0000000011111111110000000000
0000000111100001111000000000
0000001111000000111100000000
0000001111000000011100000000
0000001111000000011110000000
0000001111000000011110000000
0000001111000000111110000000
0000000111110011111110000000
0000000011111111111110000000
0000000000111110011100000000
0000000000000000111100000000
0000000000000000111100000000
0000000000000001111000000000
0000000111111111110000000000
0000000111111111100000000000
0000000000000000000000000000
0000000000000000000000000000
0000000000000000000000000000
0000000000000000000000000000
0000000000000000000000000000
0000000000000000000000000000
0000000000000000000000000000
