0000000000000000000000000000
0000000000000000000000000000
0000000000000000000000000000
0000000000000000000000000000
0000000000000000000000000000
0000000000000000000000000000
0000000011111100000000000000
0000000111111110000000000000
0000001110001110000000000000
0000001110000111000000000000
0000001110000111000000000000
0000001110000111000000000000
0000001111011111000000000000
0000000111111111000000000000
0000000001111111000000000000
0000000000000110000000000000
0000000000001110000000000000
0000000000011110000000000000
0000000111111100000000000000
0000000111111000000000000000
0000000000000000000000000000
0000000000000000000000000000
0000000000000000000000000000
0000000000000000000000000000
0000000000000000000000000000
0000000000000000000000000000
0000000000000000000000000000
0000000000000000000000000000
