0000000000000000000000000000
0000000000000000000000000000
0000000000000000000000000000
0000000000000000000000000000
0000000000000000000000000000
0000000000000000000000000000
0000000000000000000000000000
0000000000000001111100000000
0000000000000011111110000000
0000000000000011111110000000
0000000000000111000111000000
0000000000000110000011000000
0000000000000110000011000000
0000000000000110000011000000
0000000000000110000011000000
0000000000000110000011100000
0000000000000111000111100000
0000000000000111101111000000
0000000000000011111111000000
0000000000000001111111000000
0000000000000000110011000000
0000000000000000000011000000
0000000000000110000011000000
0000000000000110000110000000
0000000000000111001110000000
0000000000000011111110000000
0000000000000011111100000000
0000000000000000110000000000
