0000000000000000000000000000
0000000000000000000000000000
0000000000000000000000000000
0000000000000000000000000000
0000000000000000000000000000
0000000000000000000000000000
0000000000000000000000000000
0000000000000000000000000000
0000000000000000000000000000
0000000000000000000000000000
0000000000000011000000000000
0000000000001111110000000000
0000000000011111111000000000
0000000000111100011100000000
0000000000111000011100000000
0000000000111000001100000000
0000000000110000001110000000
0000000000110000001110000000
0000000000111000001110000000
0000000000111100011110000000
0000000000011111111100000000
0000000000001111111100000000
0000000000000000001100000000
0000000000000000011100000000
0000000000000000011100000000
0000000000000000111000000000
0000000000001111111000000000
0000000000011111110000000000
