0000000000000000000000000000
0000000000000000000000000000
0000000000000000000000000000
0000000000000000000000000000
0000000000000000000000000000
0000000000000000000000000000
0000000000000111100000000000
0000000000011111111000000000
0000000000111100111100000000
0000000000111000011100000000
0000000001110000001110000000
0000000001110000001110000000
0000000001110000001110000000
0000000001111000011110000000
0000000000111100111110000000
0000000000011111111110000000
0000000000001111001110000000
0000000000000000001110000000
0000000000000000011100000000
0000000000000000111100000000
0000000000111011111000000000
0000000000111111110000000000
0000000000000000000000000000
0000000000000000000000000000
0000000000000000000000000000
0000000000000000000000000000
0000000000000000000000000000
0000000000000000000000000000
