0000000000000000000000000000
0000000000000000000000000000
0000000000000000000000000000
0000000000000000000000000000
0000000000000000000000000000
0000000000000000000000000000
0000000000000000000000000000
0000000000000000000000000000
0000000000011111110000000000
0000000000111111111000000000
0000000001110000111100000000
0000000011100000011100000000
0000000011100000011100000000
0000000011100000011110000000
0000000001110000011110000000
0000000001111001111110000000
0000000000111111111100000000
0000000000001110011100000000
0000000000000000011100000000
0000000000000000111100000000
0000000000000001111000000000
0000000001111111110000000000
0000000000111111000000000000
0000000000000000000000000000
0000000000000000000000000000
0000000000000000000000000000
0000000000000000000000000000
0000000000000000000000000000
