0000000000000000000000000000
0000000000000000000000000000
0000000000000000000000000000
0000000000000000000000000000
0000000000000000000000000000
0000000000000000000000000000
0000000011111110000000000000
0000001111111111100000000000
0000011110000011110000000000
0000111100000001110000000000
0000111100000001111000000000
0000111100000001111000000000
0000111100000011111000000000
0000011111001111111000000000
0000001111111111111000000000
0000000001110001111000000000
0000000000000011110000000000
0000000000000011110000000000
0000000000001111100000000000
0000011111111110000000000000
0000000111111000000000000000
0000000000000000000000000000
0000000000000000000000000000
0000000000000000000000000000
0000000000000000000000000000
0000000000000000000000000000
0000000000000000000000000000
0000000000000000000000000000
