0000000000000000000000000000
0000000000000000000000000000
0000000000000000000000000000
0000000000000000000000000000
0000000000000000000000000000
0000000000000000000000000000
0000000000000011110000000000
0000000000001111111000000000
0000000000001111111100000000
0000000000011100001110000000
0000000000011000000110000000
0000000000111000000111000000
0000000000111000000111000000
0000000000111000000111000000
0000000000111000000111000000
0000000000011100001111000000
0000000000011111111111000000
0000000000001111111111000000
0000000000000011100111000000
0000000000010000000110000000
0000000000011000000110000000
0000000000011100001110000000
0000000000011111111100000000
0000000000001111111000000000
0000000000000011110000000000
0000000000000000000000000000
0000000000000000000000000000
0000000000000000000000000000
