0000000000000000000000000000
0000000000000000000000000000
0000000000000000000000000000
0000000000000000000000000000
0000000000000000000000000000
0000000000000000000000000000
0000000000000000000000000000
0000000000000000000000000000
0000000000000000000000000000
0000000000000000000000000000
0000000000000011100000000000
0000000000000111111000000000
0000000000001111111100000000
0000000000011100011100000000
0000000000011000001110000000
0000000000111000001110000000
0000000000111000001110000000
0000000000111000000110000000
0000000000111000001110000000
0000000000111000001110000000
0000000000011100011111000000
0000000000011111111110000000
0000000000001111111110000000
0000000000000011101110000000
0000000000000000001110000000
0000000000000000001110000000
0000000000000000011100000000
0000000000000000111100000000
