0000000000000000000000000000
0000000000000000000000000000
0000000000000000000000000000
0000000000000000000000000000
0000000000000000000000000000
0000000000000000000000000000
0000000000000000000000000000
0000000000000000000000000000
0000000000000000000000000000
0000000000000000000000000000
0000000000000000000000000000
0000000000000000000000000000
0000000000000001111100000000
0000000000000011111100000000
0000000000000111001110000000
0000000000000111000110000000
0000000000000111000110000000
0000000000000111000111000000
0000000000000011111111000000
0000000000000011111111000000
0000000000000000000110000000
0000000000000000000110000000
0000000000000011001110000000
0000000000000011111100000000
0000000000000011111100000000
0000000000000000000000000000
0000000000000000000000000000
0000000000000000000000000000
