0000000000000000000000000000
0000000000000000000000000000
0000000000000000000000000000
0000000000000000000000000000
0000000000000000000000000000
0000000000000000000000000000
0000000000000000000000000000
0000000000000000000000000000
0000000000000000000000000000
0000000000000000000000000000
0000000000000000000000000000
0000000000000000000000000000
0000000011110000000000000000
0000000111111000000000000000
0000001110011100000000000000
0000011100001110000000000000
0000011100000110000000000000
0000011100000110000000000000
0000011100000110000000000000
0000011100001111000000000000
0000001111111111000000000000
0000000111111110000000000000
0000000000100110000000000000
0000000000001110000000000000
0000000000001110000000000000
0000000000011100000000000000
0000001111111000000000000000
0000000000000000000000000000
