0000000000000000000000000000
0000000000000000000000000000
0000000000000000000000000000
0000000000010000000000000000
0000000011111111000000000000
0000000111111111100000000000
0000001110000011100000000000
0000001110000001110000000000
0000011110000001110000000000
0000001110000001110000000000
0000001110000011110000000000
0000000111111111110000000000
0000000011111111110000000000
0000000000000001110000000000
0000000100000001110000000000
0000001110000011100000000000
0000001111101111000000000000
0000000111111110000000000000
0000000000110000000000000000
0000000000000000000000000000
0000000000000000000000000000
0000000000000000000000000000
0000000000000000000000000000
0000000000000000000000000000
0000000000000000000000000000
0000000000000000000000000000
0000000000000000000000000000
0000000000000000000000000000
