0000000000000000000000000000
0000000000000000000000000000
0000000000000000000000000000
0000000000000000000000000000
0000000000000000000000000000
0000000000000000000000000000
0000000000000000000000000000
0000000000000000000000000000
0000000000000000000000000000
0000000000000000111000000000
0000000000000001111110000000
0000000000000011111111000000
0000000000000111000011100000
0000000000000111000011100000
0000000000000110000011100000
0000000000000111000011100000
0000000000000011000011100000
0000000000000011111111100000
0000000000000001111111100000
0000000000000000000011100000
0000000000000010000011000000
0000000000000111000011000000
0000000000000011111111000000
0000000000000001111110000000
0000000000000000111000000000
0000000000000000000000000000
0000000000000000000000000000
0000000000000000000000000000
