0000000000000000000000000000
0000000000000000000000000000
0000000000000000000000000000
0000000000000011110000000000
0000000000000111111000000000
0000000000000111111000000000
0000000000000110011100000000
0000000000000110011100000000
0000000000000110011100000000
0000000000000111111100000000
0000000000000111111100000000
0000000000000000011100000000
0000000000000110011100000000
0000000000000111111000000000
0000000000000111111000000000
0000000000000000000000000000
0000000000000000000000000000
0000000000000000000000000000
0000000000000000000000000000
0000000000000000000000000000
0000000000000000000000000000
0000000000000000000000000000
0000000000000000000000000000
0000000000000000000000000000
0000000000000000000000000000
0000000000000000000000000000
0000000000000000000000000000
0000000000000000000000000000
