0000000000000000000000000000
0000000000000000000000000000
0000000000000000000000000000
0000000000000000000000000000
0000000000000000000000000000
0000000000000001110000000000
0000000000000011111100000000
0000000000000111111100000000
0000000000001111001110000000
0000000000001110000110000000
0000000000001100000111000000
0000000000001100000011000000
0000000000001100000011000000
0000000000001100000011000000
0000000000001100000011000000
0000000000001100000111000000
0000000000001110000111000000
0000000000001111001111000000
0000000000000111111111000000
0000000000000011111011000000
0000000000000001110011000000
0000000000000000000011000000
0000000000001100000111000000
0000000000001110000110000000
0000000000001110001110000000
0000000000000111111100000000
0000000000000111111100000000
0000000000000011111000000000
