0000000000000000000000000000
0000000000000000000000000000
0000000000000000000000000000
0000000000000000000000000000
0000000000000000000000000000
0000000000000000000000000000
0000000000000000000000000000
0000000000000000000000000000
0000000000000000000000000000
0000000000000000000000000000
0000000000000000000000000000
0000000000000000000000000000
0000000000000000000000000000
0000000000000011100000000000
0000000000000111110000000000
0000000000000110110000000000
0000000000001100010000000000
0000000000001100011000000000
0000000000000110111000000000
0000000000000111111000000000
0000000000000111010000000000
0000000000000110110000000000
0000000000000111110000000000
0000000000000011100000000000
0000000000000000000000000000
0000000000000000000000000000
0000000000000000000000000000
0000000000000000000000000000
