0000000000000000000000000000
0000000000000000000000000000
0000000000000000000000000000
0000000000000000000000000000
0000000000000000000000000000
0000000000111000000000000000
0000000011111110000000000000
0000000111111111000000000000
0000001111000111100000000000
0000001110000011100000000000
0000011110000001110000000000
0000011100000001110000000000
0000011110000001110000000000
0000001110000011110000000000
0000001111000111110000000000
0000000111111111110000000000
0000000011111101110000000000
0000000000000001110000000000
0000000100000011100000000000
0000001110000011100000000000
0000001111000111100000000000
0000001111111111000000000000
0000000111111110000000000000
0000000000010000000000000000
0000000000000000000000000000
0000000000000000000000000000
0000000000000000000000000000
0000000000000000000000000000
