0000000000000000000000000000
0000000000000000000000000000
0000000000000000000000000000
0000000000000000000000000000
0000000000000000011110000000
0000000000000000100011100000
0000000000000001000001100000
0000000000000011000001110000
0000000000000011000000110000
0000000000000011100001110000
0000000000000001100001110000
0000000000000000111111110000
0000000000000000000001100000
0000000000000000000011100000
0000000000000000000111000000
0000000000000000011100000000
0000000000000000000000000000
0000000000000000000000000000
0000000000000000000000000000
0000000000000000000000000000
0000000000000000000000000000
0000000000000000000000000000
0000000000000000000000000000
0000000000000000000000000000
0000000000000000000000000000
0000000000000000000000000000
0000000000000000000000000000
0000000000000000000000000000
