0000000000000000000000000000
0000000000000000000000000000
0000000000000000000000000000
0000000000000000000000000000
0000000000000000000000000000
0000000000000000000000000000
0000000000000000000000000000
0000000000000000000000000000
0000000000000000000000000000
0000000000000000001110000000
0000000000000000010011000000
0000000000000000110001000000
0000000000000000100001100000
0000000000000000100001100000
0000000000000000100001100000
0000000000000000110001100000
0000000000000000110001100000
0000000000000000110001100000
0000000000000000011111100000
0000000000000000000001100000
0000000000000000000011000000
0000000000000000000011000000
0000000000000000000110000000
0000000000000000001100000000
0000000000000000001000000000
0000000000000000000000000000
0000000000000000000000000000
0000000000000000000000000000
