0000000000000000000000000000
0000000000000000000000000000
0000000000000000000000000000
0000000000000000000000000000
0000000000000000000000000000
0000000000000000000000000000
0000000000000000000000000000
0000000000000000000000000000
0000000000000000000000000000
0000000000000000000000000000
0000000000000000000000000000
0000000000000000000000000000
0000000001111000000000000000
0000000111111110000000000000
0000001111111111000000000000
0000011110001111000000000000
0000011100000111100000000000
0000011100000011100000000000
0000111100000011100000000000
0000111100000011110000000000
0000011100000011110000000000
0000011100000011110000000000
0000011110000111110000000000
0000001111111111110000000000
0000001111111111110000000000
0000000011111011100000000000
0000000000000011100000000000
0000000000000011100000000000
