0000000000000000000000000000
0000000000000000000000000000
0000000000000000101000000000
0000000000000011111100000000
0000000000000011111110000000
0000000000000011111110000000
0000000000000011001111000000
0000000000000011001111000000
0000000000000011111111000000
0000000000000011111111000000
0000000000000000001111000000
0000000000000011001111000000
0000000000000011111110000000
0000000000000011111110000000
0000000000000011111100000000
0000000000000000000000000000
0000000000000000000000000000
0000000000000000000000000000
0000000000000000000000000000
0000000000000000000000000000
0000000000000000000000000000
0000000000000000000000000000
0000000000000000000000000000
0000000000000000000000000000
0000000000000000000000000000
0000000000000000000000000000
0000000000000000000000000000
0000000000000000000000000000
