0000000000000000000000000000
0000000000000000000000000000
0000000000000000000000000000
0000000000000000000000000000
0000000000000000000000000000
0000000000000000000000000000
0000000000001111100000000000
0000000000011111111000000000
0000000001111111111100000000
0000000001111000011100000000
0000000001110000011110000000
0000000001111000011110000000
0000000001110000011110000000
0000000001111000011110000000
0000000001111000111110000000
0000000000111111111110000000
0000000000001111111110000000
0000000000000000011100000000
0000000000000000011100000000
0000000000100000111100000000
0000000001111111111000000000
0000000001111111100000000000
0000000000000000000000000000
0000000000000000000000000000
0000000000000000000000000000
0000000000000000000000000000
0000000000000000000000000000
0000000000000000000000000000
