0000000000000000000000000000
0000000000000000000000000000
0000000000000000000000000000
0000000000000000000000000000
0000000000000000000000000000
0000000000000000000000000000
0000000000000000000000000000
0000000000000000000000000000
0000000111111100000000000000
0000001111111110000000000000
0000011100001110000000000000
0000011100000111000000000000
0000011100000111000000000000
0000011100000011000000000000
0000011110000111000000000000
0000001111111111000000000000
0000000111111111000000000000
0000000000000111000000000000
0000000000000110000000000000
0000000000001110000000000000
0000000111111100000000000000
0000001111110000000000000000
0000000000000000000000000000
0000000000000000000000000000
0000000000000000000000000000
0000000000000000000000000000
0000000000000000000000000000
0000000000000000000000000000
