0000000000000000000000000000
0000000000000000000000000000
0000000000000000000000000000
0000000000000000111110000000
0000000000000001111111100000
0000000000000011111111110000
0000000000000111100001111000
0000000000000111000001111000
0000000000001111000000111000
0000000000001111000000111100
0000000000001111000000111100
0000000000001111000000111100
0000000000000111100001111100
0000000000000111110111111100
0000000000000011111111111100
0000000000000001111110111100
0000000000000000000000111000
0000000000000000000000111000
0000000000000000000001111000
0000000000000000000011110000
0000000000000011111111110000
0000000000000111111111000000
0000000000000000000000000000
0000000000000000000000000000
0000000000000000000000000000
0000000000000000000000000000
0000000000000000000000000000
0000000000000000000000000000
