0000000000000000000000000000
0000000000000000000000000000
0000000000000000000000000000
0000000000000000000000000000
0000000000000000000000000000
0000000000011111100000000000
0000000001111111111000000000
0000000011111000111100000000
0000000111100000011110000000
0000000111000000001110000000
0000000111000000001110000000
0000000111000000001111000000
0000000111000000001111000000
0000000111100000011111000000
0000000011111111111111000000
0000000001111111111111000000
0000000000001110001110000000
0000000011000000001110000000
0000000111100000011110000000
0000000011100000111100000000
0000000011111111111000000000
0000000000111111100000000000
0000000000000000000000000000
0000000000000000000000000000
0000000000000000000000000000
0000000000000000000000000000
0000000000000000000000000000
0000000000000000000000000000
