0000000000000000000000000000
0000000000000000000000000000
0000000000000000000000000000
0000000000000000000000000000
0000000000000000000000000000
0000000000000000000000000000
0000000000000000000000000000
0000000000000000000000000000
0000000000000000000000000000
0000000011111000000000000000
0000001111111100000000000000
0000011111111110000000000000
0000111100000111000000000000
0000111000000111000000000000
0000111000000011100000000000
0000111000000011100000000000
0000111000000011100000000000
0000111000000011100000000000
0000111100000111100000000000
0000011110001111100000000000
0000011111111111100000000000
0000000111111011100000000000
0000000000000011100000000000
0000110000000011000000000000
0000111000000111000000000000
0000011100001111000000000000
0000011111111110000000000000
0000001111111100000000000000
