0000000000000000000000000000
0000000000000000000000000000
0000000000000000000000000000
0000000000000000000000000000
0000000000000000000000000000
0000000000000000000000000000
0000000000000000000000000000
0000000000000000000000000000
0000000011111000000000000000
0000001111111100000000000000
0000001110001110000000000000
0000011100000110000000000000
0000011100000111000000000000
0000011100000111000000000000
0000011100000111000000000000
0000001110011111000000000000
0000000111111111000000000000
0000000011110110000000000000
0000001000000110000000000000
0000011100001110000000000000
0000001110011100000000000000
0000001111111100000000000000
0000000011110000000000000000
0000000000000000000000000000
0000000000000000000000000000
0000000000000000000000000000
0000000000000000000000000000
0000000000000000000000000000
