0000000000000000000000000000
0000000000000000000000000000
0000000000000000000000000000
0000000000000000000000000000
0000000000000000000000000000
0000000000000000000000000000
0111111100000000000000000000
1111111110000000000000000000
1110001110000000000000000000
1100000111000000000000000000
1100000111000000000000000000
1110000111000000000000000000
1111111111000000000000000000
0111111111000000000000000000
0000000111000000000000000000
0000001110000000000000000000
0000011110000000000000000000
1111111100000000000000000000
1111111000000000000000000000
0000000000000000000000000000
0000000000000000000000000000
0000000000000000000000000000
0000000000000000000000000000
0000000000000000000000000000
0000000000000000000000000000
0000000000000000000000000000
0000000000000000000000000000
0000000000000000000000000000
