0000000000000000000000000000
0000000000000000000000000000
0000000000000000000000000000
0000001111110000000000000000
0000111111111000000000000000
0001111111111100000000000000
0001111000011110000000000000
0011110000001111000000000000
0011100000000111000000000000
0011100000000111000000000000
0011100000000111100000000000
0011100000000111100000000000
0011110000001111100000000000
0011111000011111100000000000
0001111111111111100000000000
0000111111111111100000000000
0000001111100111000000000000
0000000000000111000000000000
0011100000000111000000000000
0011110000001110000000000000
0001111000011110000000000000
0001111111111100000000000000
0000111111111000000000000000
0000001111100000000000000000
0000000000000000000000000000
0000000000000000000000000000
0000000000000000000000000000
0000000000000000000000000000
