0000000000000000000000000000
0000000000000000000000000000
0000000000000000000000000000
0000000000100000000000000000
0000000011111000000000000000
0000000111111100000000000000
0000000111001100000000000000
0000000111001100000000000000
0000000111001100000000000000
0000000111011100000000000000
0000000011111110000000000000
0000000001111100000000000000
0000000000001100000000000000
0000000110001100000000000000
0000000111111100000000000000
0000000011111000000000000000
0000000000000000000000000000
0000000000000000000000000000
0000000000000000000000000000
0000000000000000000000000000
0000000000000000000000000000
0000000000000000000000000000
0000000000000000000000000000
0000000000000000000000000000
0000000000000000000000000000
0000000000000000000000000000
0000000000000000000000000000
0000000000000000000000000000
