0000000000000000000000000000
0000000000000000000000000000
0000000000000000000000000000
0000000000000000000000000000
0000000000000000000000000000
0000000000000000000000000000
0000000000000000000000000000
0000000000000000000000000000
0000000000000000000000000000
0000000000000000000000000000
0000000000000000000000000000
0000000111000000000000000000
0000111111111000000000000000
0001111000111100000000000000
0011100000001110000000000000
0011100000001110000000000000
0011100000001111000000000000
0011100000001111000000000000
0001111101111111000000000000
0000111111111111000000000000
0000000000001110000000000000
0000000000011110000000000000
0000000000111100000000000000
0000111111111000000000000000
0000111111100000000000000000
0000000000000000000000000000
0000000000000000000000000000
0000000000000000000000000000
