0000000000000000000000000000
0000000000000000000000000000
0000000000000000000000000000
0000000000000000000000000000
0000000000000000000000000000
0000000000000000000000000000
0000000000000000000000000000
0000000000000000000000000000
0000000000000000000000000000
0000000000000000000000000000
0000000000000000000000000000
0000000000000000000000000000
0000000001110000000000000000
0000000011111100000000000000
0000000011011100000000000000
0000000111001100000000000000
0000000111001110000000000000
0000000111001110000000000000
0000000011111110000000000000
0000000001111110000000000000
0000000011101110000000000000
0000000011001100000000000000
0000000011111100000000000000
0000000011111000000000000000
0000000000000000000000000000
0000000000000000000000000000
0000000000000000000000000000
0000000000000000000000000000
