0000000000000000000000000000
0000000000000000000000000000
0000000000000000000000000000
0000000000000000000000000000
0000000000000000000000000000
0000000000000000000000000000
0000000000001111111000000000
0000000000011111111100000000
0000000000011100011100000000
0000000000011000011100000000
0000000000011000001100000000
0000000000011111111100000000
0000000000001111111100000000
0000000000000011011100000000
0000000000000000011100000000
0000000000000000111000000000
0000000000001111111000000000
0000000000011111110000000000
0000000000000000000000000000
0000000000000000000000000000
0000000000000000000000000000
0000000000000000000000000000
0000000000000000000000000000
0000000000000000000000000000
0000000000000000000000000000
0000000000000000000000000000
0000000000000000000000000000
0000000000000000000000000000
