0000000000000000000000000000
0000000000000000000000000000
0000000000000000000000000000
0000000000000000000000000000
0000000000011100000000000000
0000000000111100000000000000
0000000001110110000000000000
0000000001100110000000000000
0000000001100110000000000000
0000000001100110000000000000
0000000001110110000000000000
0000000000111110000000000000
0000000000111110000000000000
0000000000000110000000000000
0000000000000110000000000000
0000000000111100000000000000
0000000000111100000000000000
0000000000011000000000000000
0000000000000000000000000000
0000000000000000000000000000
0000000000000000000000000000
0000000000000000000000000000
0000000000000000000000000000
0000000000000000000000000000
0000000000000000000000000000
0000000000000000000000000000
0000000000000000000000000000
0000000000000000000000000000
