0000000000000000000000000000
0000000000000000000000000000
0000000000000000000000000000
0000000000000000000000000000
0000000000000000000000000000
0000000000000000000000000000
0000000000111110000000000000
0000000001100011000000000000
0000000011000001100000000000
0000000011000001110000000000
0000000111000001110000000000
0000000111000001110000000000
0000000011100001110000000000
0000000011111101110000000000
0000000000111111100000000000
0000000000000011100000000000
0000000000000111000000000000
0000000000001110000000000000
0000000000011000000000000000
0000000000000000000000000000
0000000000000000000000000000
0000000000000000000000000000
0000000000000000000000000000
0000000000000000000000000000
0000000000000000000000000000
0000000000000000000000000000
0000000000000000000000000000
0000000000000000000000000000
