0000000000000000000000000000
0000000000000000000000000000
0000000000000000000000000000
0000000000000000000000000000
0000000000000000000000000000
0000000000000000000000000000
0000000000000000000000000000
0000000000000000100000000000
0000000000000011111100000000
0000000000000111111100000000
0000000000001111001110000000
0000000000001110000110000000
0000000000001110000110000000
0000000000001111001110000000
0000000000000111111110000000
0000000000000111111110000000
0000000000000011110110000000
0000000000000000000110000000
0000000000000110001110000000
0000000000001111111110000000
0000000000000111111100000000
0000000000000011110000000000
0000000000000000000000000000
0000000000000000000000000000
0000000000000000000000000000
0000000000000000000000000000
0000000000000000000000000000
0000000000000000000000000000
