0000000000000000000000000000
0000000000000000000000000000
0000000000000000000000000000
0000000000000000000000000000
0000000000000000000000000000
0000000000000000000000000000
0000000000000000000000000000
0000000000000000000000000000
0000000000000000000000000000
0000000000000000000000000000
0000000000000000000000000000
0000000000000000000000000000
0000000000000111111110000000
0000000000001111111111000000
0000000000011110000111100000
0000000000011100000011100000
0000000000011100000001110000
0000000000011100000001110000
0000000000011100000011110000
0000000000011110000111110000
0000000000001111111111110000
0000000000000111111111110000
0000000000000000000011110000
0000000000000000000011100000
0000000000000000000111100000
0000000000000000001111000000
0000000000001111111110000000
0000000000001111111100000000
