0000000000000000000000000000
0000000000000000000000000000
0000000000000000000000000000
0000000000000000000000000000
0000000111111000000000000000
0000001111111000000000000000
0000011111111100000000000000
0000011110011110000000000000
0000011110011110000000000000
0000011110011110000000000000
0000011110111110000000000000
0000001111111110000000000000
0000001111111110000000000000
0000000011111110000000000000
0000000100011100000000000000
0000001111111100000000000000
0000001111111000000000000000
0000000011100000000000000000
0000000000000000000000000000
0000000000000000000000000000
0000000000000000000000000000
0000000000000000000000000000
0000000000000000000000000000
0000000000000000000000000000
0000000000000000000000000000
0000000000000000000000000000
0000000000000000000000000000
0000000000000000000000000000
