0000000000000000000000000000
0000000000000000000000000000
0000000000000000000000000000
0000000000000000000000000000
0000000000000000000000000000
0000000000000000000000000000
0000000000000000000000000000
0000000000000000000000000000
0000000000000000000000000000
0000000000000000000000000000
0000000000000000000000000000
0000000000000000000000000000
0000000000000000000000000000
0000000000000000111111100000
0000000000000011110001111000
0000000000000011100000111000
0000000000000011100000111100
0000000000000111100000111100
0000000000000011111001111100
0000000000000001111111111100
0000000000000000011001111000
0000000000000000000001110000
0000000000000000000011100000
0000000000000000001111000000
0000000000000001111000000000
0000000000000000000000000000
0000000000000000000000000000
0000000000000000000000000000
