0000000000000000000000000000
0000000000000000000000000000
0000000000000000000000000000
0000000000000000000000000000
0000000000000000000000000000
0000000000000000000000000000
0000000000000000000000000000
0000000000000000000000000000
0000000000000000000000000000
0000000000000000000000000000
0000000000000001111000000000
0000000000000011001100000000
0000000000000010000100000000
0000000000000110000110000000
0000000000000110000110000000
0000000000000110000110000000
0000000000000111000110000000
0000000000000011111110000000
0000000000000000001100000000
0000000000000000001100000000
0000000000000000011000000000
0000000000000000110000000000
0000000000000001100000000000
0000000000000000000000000000
0000000000000000000000000000
0000000000000000000000000000
0000000000000000000000000000
0000000000000000000000000000
