0000000000000000000000000000
0000000000000000000000000000
0000000000000000000000000000
0000000000000000000000000000
0000000000000000000000000000
0000000111100000000000000000
0000001111110000000000000000
0000011111111000000000000000
0000111111111100000000000000
0000111100011110000000000000
0000111000011110000000000000
0001111000001110000000000000
0001111000011110000000000000
0001111000001111000000000000
0001111000001111000000000000
0000111000001111000000000000
0000111100011111000000000000
0000111111111111000000000000
0000011111111111000000000000
0000001111111110000000000000
0000000000001110000000000000
0000000000011110000000000000
0000000000111110000000000000
0000110000111100000000000000
0000111111111000000000000000
0000111111110000000000000000
0000111111100000000000000000
0000000000000000000000000000
