0000000000000000000000000000
0000000000000000000000000000
0000000000000000000000000000
0000000000000001111000000000
0000000000000011111100000000
0000000000000011111110000000
0000000000000111101110000000
0000000000000111000111000000
0000000000000111000111000000
0000000000000111000111000000
0000000000000111101111000000
0000000000000111111111000000
0000000000000011111111000000
0000000000000001111111000000
0000000000000000001111000000
0000000000000011001110000000
0000000000000111111110000000
0000000000000011111100000000
0000000000000000010000000000
0000000000000000000000000000
0000000000000000000000000000
0000000000000000000000000000
0000000000000000000000000000
0000000000000000000000000000
0000000000000000000000000000
0000000000000000000000000000
0000000000000000000000000000
0000000000000000000000000000
