0000000000000000000000000000
0000000000000000000000000000
0000000000000000000000000000
0000000000000000000000000000
0000000000000000000000000000
0000000000000010000000000000
0000000000001111110000000000
0000000000011111111000000000
0000000000011100111000000000
0000000000011100011000000000
0000000000011100011000000000
0000000000011111111000000000
0000000000001111111000000000
0000000000000111111000000000
0000000000000000011000000000
0000000000011100111000000000
0000000000011111110000000000
0000000000001111100000000000
0000000000000000000000000000
0000000000000000000000000000
0000000000000000000000000000
0000000000000000000000000000
0000000000000000000000000000
0000000000000000000000000000
0000000000000000000000000000
0000000000000000000000000000
0000000000000000000000000000
0000000000000000000000000000
