0000000000000000000000000000
0000000000000000000000000000
0000000000000000000000000000
0000000000000000000000000000
0000000000000000000000000000
0000000000000000000000000000
0000000000000000000000000000
0000000000000000000000000000
0000000000000000000000000000
0000000000000000000000000000
0000000000000000000000000000
0000000000000000000000000000
0000000000000000000000000000
0000000000000000000000000000
0000000000000000000000000000
0000000000000000000000000000
0000000000011100000000000000
0000000001111111000000000000
0000000011100011100000000000
0000000011000001100000000000
0000000011000001100000000000
0000000011000001100000000000
0000000001111111100000000000
0000000000111111100000000000
0000000000000011000000000000
0000000000001110000000000000
0000000001111100000000000000
0000000001100000000000000000
