0000000000000000000000000000
0000000000000000000000000000
0000000000000000000000000000
0000000000000000000000000000
0000000000000000000000000000
0000000000000000000000000000
0000000000000001111100000000
0000000000000011111111000000
0000000000000111000111000000
0000000000000110000011100000
0000000000001110000001100000
0000000000001110000001110000
0000000000001110000001110000
0000000000001110000011110000
0000000000000111000111110000
0000000000000111111111110000
0000000000000001111111110000
0000000000000000000001100000
0000000000000000000011100000
0000000000000000000011100000
0000000000000000000111000000
0000000000000111111110000000
0000000000000000000000000000
0000000000000000000000000000
0000000000000000000000000000
0000000000000000000000000000
0000000000000000000000000000
0000000000000000000000000000
