0000000000000000000000000000
0000000000000000000000000000
0000000000000000000000000000
0000001111110000000000000000
0000111101111000000000000000
0000111000111000000000000000
0001111000011100000000000000
0001110000011100000000000000
0001111000011100000000000000
0001111000111100000000000000
0000111111111100000000000000
0000111111111100000000000000
0000001110111000000000000000
0000000000111000000000000000
0000000001110000000000000000
0000000011110000000000000000
0000001111000000000000000000
0000011100000000000000000000
0000000000000000000000000000
0000000000000000000000000000
0000000000000000000000000000
0000000000000000000000000000
0000000000000000000000000000
0000000000000000000000000000
0000000000000000000000000000
0000000000000000000000000000
0000000000000000000000000000
0000000000000000000000000000
