0000000000000000000000000000
0000000000000000000000000000
0000000000000000000000000000
0000000000000000000000000000
0000000000000000000000000000
0000000000000000000000000000
0000000000000000000000000000
0000000000000000000000000000
0000000000000000000000000000
0000000000000000000000000000
0000000000000011111110000000
0000000000000111111111000000
0000000000001110000111100000
0000000000011110000011100000
0000000000011100000011110000
0000000000011100000011110000
0000000000001110000011110000
0000000000001111000111110000
0000000000000111111111110000
0000000000000011111011110000
0000000000000000000011100000
0000000000000000000011100000
0000000000000000000111000000
0000000000001111111110000000
0000000000001111111100000000
0000000000000000000000000000
0000000000000000000000000000
0000000000000000000000000000
