0000000000000000000000000000
0000000000000000000000000000
0000000000000000000000000000
0000000000000000000000000000
0000000000000001000000000000
0000000000001111111000000000
0000000000011111111100000000
0000000000011100011110000000
0000000000111000001110000000
0000000000111000001110000000
0000000000111000000111000000
0000000000111000000111000000
0000000000111000000111000000
0000000000111000000111000000
0000000000111100001111000000
0000000000011110011111000000
0000000000011111111111000000
0000000000000111111111000000
0000000000000000000111000000
0000000000000000001110000000
0000000000000000001110000000
0000000000000000011110000000
0000000000000000011100000000
0000000000011111111000000000
0000000000011111110000000000
0000000000001111000000000000
0000000000000000000000000000
0000000000000000000000000000
