0000000000000000000000000000
0000000000000000000000000000
0000000000000000000000000000
0000000000000000000000000000
0000000000000000000000000000
0000000000000000000000000000
0000000000000000000000000000
0000000000000000000000000000
0000000000000000000000000000
0000000000000000000000000000
0000000000000000000000000000
0000000000000000000000000000
0000000000000000011100000000
0000000000000000100010000000
0000000000000001100001000000
0000000000000001100001100000
0000000000000001100001100000
0000000000000001100001100000
0000000000000001110001100000
0000000000000000111111100000
0000000000000000000011000000
0000000000000000000011000000
0000000000000000000110000000
0000000000000000001100000000
0000000000000000011000000000
0000000000000000000000000000
0000000000000000000000000000
0000000000000000000000000000
