0000000000000000000000000000
0000000000000000000000000000
0000000001111100000000000000
0000000011111110000000000000
0000000011101111000000000000
0000000111000011000000000000
0000000110000011100000000000
0000000110000011100000000000
0000000110000011100000000000
0000000110000011100000000000
0000000111000011100000000000
0000000111100111100000000000
0000000011111111100000000000
0000000001111111100000000000
0000000000010011100000000000
0000000000000011000000000000
0000000110000011000000000000
0000000111000111000000000000
0000000111111110000000000000
0000000011111110000000000000
0000000001111000000000000000
0000000000000000000000000000
0000000000000000000000000000
0000000000000000000000000000
0000000000000000000000000000
0000000000000000000000000000
0000000000000000000000000000
0000000000000000000000000000
