0000000000000000000000000000
0000000000000000000000000000
0000000000000000000000000000
0000000000000000000000000000
0000000000000000000000000000
0000000001111100000000000000
0000000111111111000000000000
0000001111000111100000000000
0000001110000011110000000000
0000011100000001110000000000
0000011100000001110000000000
0000011110000011110000000000
0000001111000111110000000000
0000000111111111110000000000
0000000011111111110000000000
0000000000000001110000000000
0000001100000011100000000000
0000001110000111100000000000
0000001111111111000000000000
0000000011111110000000000000
0000000000000000000000000000
0000000000000000000000000000
0000000000000000000000000000
0000000000000000000000000000
0000000000000000000000000000
0000000000000000000000000000
0000000000000000000000000000
0000000000000000000000000000
