0000000000000000000000000000
0000000000000000000000000000
0000000000000000000000000000
0000000000000000000000000000
0000000000000000000000000000
0000000000000000000000000000
0000000000000000000000000000
0000000000000000000000000000
0000000000000000000000000000
0000000000111100000000000000
0000000001111110000000000000
0000000111111110000000000000
0000000111100111000000000000
0000000111000011100000000000
0000000111000011100000000000
0000000111000011100000000000
0000000111000011100000000000
0000000111000011100000000000
0000000111000011100000000000
0000000011100111100000000000
0000000011111111100000000000
0000000001111111100000000000
0000000000000011100000000000
0000000000000011000000000000
0000000000000111000000000000
0000000110001111000000000000
0000000111111110000000000000
0000000111111100000000000000
