0000000000000000000000000000
0000000000010000000000000000
0000000000111100000000000000
0000000001111110000000000000
0000000011111110000000000000
0000000011101111000000000000
0000000011100111000000000000
0000000011100111000000000000
0000000011100111000000000000
0000000011100111000000000000
0000000011101111000000000000
0000000011111111000000000000
0000000001111111000000000000
0000000001111111000000000000
0000000000100111000000000000
0000000000000111000000000000
0000000011101110000000000000
0000000011111110000000000000
0000000001111100000000000000
0000000000011000000000000000
0000000000000000000000000000
0000000000000000000000000000
0000000000000000000000000000
0000000000000000000000000000
0000000000000000000000000000
0000000000000000000000000000
0000000000000000000000000000
0000000000000000000000000000
