0000000000000000000000000000
0000000000000000000000000000
0011000000000000000000000000
0010000000000000000000000000
0010000000000000000000000000
0010000000000000000000000000
0010000000001111110000000000
0010000000011111111000000000
0010000000111111111100000000
0010000000111111111100000000
0010000001111000111110000000
0010000001111000111110000000
0010000001111000111110000000
0010000001111101111110000000
0010000000111111111110000000
0010000000111111111110000000
0010000000011111111110000000
0010000000011101111110000000
0010000000111101111100000000
0010000000111111111100000000
0010000000111111111000000000
0010000000011111110000000000
0010000000000110000000000000
0010000000000000000000000000
0010000000000000000000000000
0011111111111111111111111100
0000000000000000000000000000
0000000000000000000000000000
