0000000000000000000000000000
0000000000000000000000000000
0011101111111111111111111100
0010000000000000000000000100
0010000000000000000000000000
0010000000000001000000000000
0010000000001111111100000000
0010000000001111111110000000
0010000000111111111110000000
0011000000111111111110000000
0011000000111111111111000000
0011000001111100111111000000
0010000001111100011111000000
0010000000111111111111000000
0010000000111111111111000000
0010000000111111111111000000
0010000000011111111111000000
0010000000011111111110000000
0010000000111111111110000000
0010000000111111111110000000
0010000000111111111100000000
0010000000011111111000000000
0010000000001111110000000000
0010000000000000000000000000
0010000000000000000000000000
0010000000000000000000000000
0000000000000000000000000000
0000000000000000000000000000
