0000000000000000000000000000
0000000000000000000000000000
0000000000000000000000000000
0000000000000000000000000000
0000000000000000000000000000
0000000000000000000000000000
0000000000000011100000000000
0000000000001111111000000000
0000000000011111111100000000
0000000000011100001100000000
0010000000011000001110000000
0000000000011000001110000000
0000000000011000001110010000
0010000000011100111110000000
0000000000001111111110000000
0000000000000111111110000000
0010000000000000001110000000
0010000000011100001100000000
0010000000011100111100000000
0010000000001111111000000000
0010000000000111110000000000
0010000000000000000000000000
0010000000000000000000000000
0000000000000000000000000000
0010000000000000000000000000
0010000000000000000000000000
0000000000000000000000000000
0000000000000000000000000000
