0000000000000000000000000000
0000000000000000000000000000
0000000000000000000000001100
0000000000000000000000000100
0000000000000000000000000100
0000000000111111100000000100
0000000001111111110000000100
0000000011111111111000000100
0000000011111111111000000100
0000000111111011111000000100
0000000111110001111000000100
0000000111110001111100000100
0000000011111111111100000100
0000000011111111111100000100
0000000011111111111100000100
0000000001111111111100000100
0000000011111111111000000100
0000000011110111111000000100
0000000011111111111000000100
0000000011111111110000000100
0000000001111111100000000100
0000000000011111000000000100
0000000000000000000000000100
0000000000000000000000000100
0000000000000000000000001100
0011111111111111111111111100
0000000000000000000000000000
0000000000000000000000000000
