0000000000000000000000000000
0000000000000000000000000000
0000000000000000000000000000
0000000000000000000000000000
0000000000000011000000000000
0000000000011111110000000000
0000000000111111111000000000
0000000001111111111100000000
0000000001111101111100000000
0000000001111000111100000000
0000000001111000111100000000
0000000001111000111100000000
0000000001111111111100000000
0000000000111111111100000000
0000000000111111111100000000
0000000000111111111100000000
0000000000111001111100000000
0000000000111111111000000000
0000000000111111111000000000
0000000000111111110000000000
0000000000011111000000000000
0000000000000000000000000000
0000000000000000000000000000
0000000000000000000000000000
0010000000000110000010011100
0011111111111111111111111100
0000000000000000000000000000
0000000000000000000000000000
