0000000000000000000000000000
0000000000000000000000000000
0000000000000000000000000000
0000000000000000000000000000
0000010000000000000000000000
0000000000001111100000000000
0000000000111111110000000000
0000000000111001111000000000
0000000001110000111000000000
0000000001110000011000000000
0000000001110000011000000000
0000000001110000111100000000
0000000001110000111100000000
0000000001111111111000000000
0000000000111111111000000000
0000000000011111111000000000
0000000000100000111000000000
0000000001110000111000000000
0000000001110101110000000000
0000000000111111110000000000
0000000000011111100000000000
0000000000000001000000000000
0000000000000000000000000000
0000000000000000000000000000
0000000000000000000000000000
0000110000000011100000000000
0000000000000000000000000000
0000000000000000000000000000
