0000000000000000000000000000
0000000000000000000000000000
0000000000000000000000000000
0000000000000000000000000000
0000000000011100000000000000
0000000001111111000000000000
0000000011100011100000000000
0000000111000001100000000000
0000000110000001100000000000
0000000110000001110000000000
0000000110000001110000000000
0000000011000001110000000000
0000000011100011110000000000
0000000001111110110000000000
0000000000011101100000000000
0000000000000001100000000000
0000000011000001100000000000
0000000011000011000000000000
0000000011111111000000000000
0000000001111110000000000000
0000000000000000000000000000
0000000000000000000000000000
0000000000000000000000000000
0000000000000000000000000000
0000000000000000000000000000
0000000000000000000000000000
0000000000000000000000000000
0000000000000000000000000000
