0000000000000000000000000000
0000000000000000000000000000
0010000000000000000000000000
0010000000000000000000000000
0010000000000000000000000000
0010000000000001111000000000
0010000000000111111100000000
0010000000001111111110000000
0010000000011100000111000000
0010000000011100000111000000
0010000000011100000111000000
0010000000011100000111000000
0010000000011100000111000000
0010000000011110001111000000
0010000000001111111111000000
0010000000000111111011000000
0010000000000000000111000000
0010000000011100000111000000
0010000000011100000110000000
0010000000001110011110000000
0010000000001111111100000000
0010000000000011110000000000
0010000000000000000000000000
0010000000000000000000000000
0010000000000000000000000000
0010000000000000000000000000
0000000000000000000000000000
0000000000000000000000000000
