0000000000000000000000000000
0000000000000000000000000000
0000000000000000000000000000
0000000000000000000000000000
0000000000000000000000000000
0000000000000011100000000000
0000000000001111111000000000
0000000000001110011100000000
0000000000011100001110000000
0000000000011000000110000000
0000000000011000000110000000
0000000000011000000110000000
0000000000011000000111000000
0000000000011100001111000000
0000000000001111111111000000
0000000000000111110110000000
0000000000000000000110000000
0000000000000000000110000000
0000000000011100001110000000
0000000000001100001100000000
0000000000001111111100000000
0000000000000111110000000000
0000000000000000000000000000
0000000000000000000000000000
0000000000000000000000000000
0000000000000000000000000000
0000000000000000000000000000
0000000000000000000000000000
