0000000000000000000000000000
0000000000000000000000000000
0000000000000000000000000000
0000000000000000000000000000
0000000000000000000000000000
0000000000000000000000000000
0000000000000000000000000000
0000000000000000000000000000
0000000000000010000000000000
0000000000011111100000000000
0000000000011001110000000000
0000000000011000110000000000
0000000000111000110000000000
0000000000111000110000000000
0000000000011111111000000000
0000000000001111110000000000
0000000000011000110000000000
0000000000011001110000000000
0000000000011111100000000000
0000000000001111000000000000
0000000000000000000000000000
0000000000000000000000000000
0000000000000000000000000000
0000000000000000000000000000
0000000000000000000000000000
0000000000000000000000000000
0000000000000000000000000000
0000000000000000000000000000
