0000000000000000000000000000
0000000000000000000000000000
0000000000000000000000000000
0000000000000000000000000000
0000000000000000000000000000
0000000000000000000000000000
0000000000011111000000000000
0000000000111111100000000000
0000000000111011110000000000
0000000001110001110000000000
0000000001110001110000000000
0000000001110001110000000000
0000000000111111110000000000
0000000000111111110000000000
0000000000011111110000000000
0000000000000001110000000000
0000000000110011110000000000
0000000000111111100000000000
0000000000011111000000000000
0000000000000000000000000000
0000000000000000000000000000
0000000000000000000000000000
0000000000000000000000000000
0000000000000000000000000000
0000000000000000000000000000
0000000000000000000000000000
0000000000000000000000000000
0000000000000000000000000000
