0000000000000000000000000000
0000000000000000000000000000
0010111111111111111111111100
0011111111111111111111111100
0010000000000000000000000000
0010000000000000000000000000
0010000000000000000000000000
0010000000000000000000000000
0010000000000000000000000000
0010000000000000000000000000
0010000000000111111000000000
0010000000001111111100000000
0010000000011100011110000000
0010000000011100001110000000
0010000000011000001110000000
0010000000011000001110000000
0010000000011100001110000000
0010000000011100001110000000
0010000000001111111110000000
0010000000000111111110000000
0010000000000001101110000000
0010000000011100001110000000
0011000000011100001110000000
0011000000011110011100000000
0010000000001111111100000000
0010000000000111111000000000
0000000000000000000000000000
0000000000000000000000000000
