0000000000000000000000000000
0000000000000000000000000000
0011100000000000000000000000
0011100000000000000000000000
0011100000000000000000000000
0011100000000000000000000000
0011100000000000000000000000
0011100000000001100000000000
0011100000000111111000000000
0011100000001110111000000000
0011100000001100011100000000
0011100000011000001100000000
0011000000011000001100000000
0011000000011000001100000000
0011000000011100011100000000
0011000000001111111100000000
0011000000000111101100000000
0011000000000000011000000000
0011000000011000011000000000
0011000000011000111000000000
0011000000001111110000000000
0011000000000111100000000000
0011000000000000000000000000
0011000000000000000000000000
0011000000000000000000000000
0011000000000000000000000000
0000000000000000000000000000
0000000000000000000000000000
