0000000000000000000000000000
0000000000000000000000000000
0011111111111111111111111100
0010000000000000000000000000
0010000000000000000000000000
0010000000000000000000000000
0010000000001111110000000000
0010000000011111111000000000
0010000000111111111100000000
0010000000111111111100000000
0010000000111111111110000000
0010000001111100111110000000
0010000001111100011110000000
0010000001111100111110000000
0010000000111111111110000000
0010000000111111111110000000
0010000000011111111110000000
0010000000001111111110000000
0010000000011111111110000000
0010000000111111111100000000
0010000000111111111100000000
0010000000011111111000000000
0010000000001111110000000000
0010000000000000000000000000
0010000000000000000000000000
0010000000000000000000000000
0000000000000000000000000000
0000000000000000000000000000
