0000000000000000000000000000
0000000000000000000000000000
0000000000000111111001010100
0011111111111111111111111100
0000000000000000000000000100
0000000000000000000000000000
0000000000000000000000000000
0000000000000000000000000000
0000000000000000000000000000
0000000000111110000000000000
0000000001111111000000000000
0000000011110111000000000100
0000000011100011100000000100
0000000011100011100000000100
0000000011100011100000000100
0000000011111111100000000100
0000000001111111100000000100
0000000000111111100000000100
0000000000000011100000000100
0000000011100111000000000100
0000000001111111000000000100
0000000001111110000000000100
0000000000000000000000000100
0000000000000000000000000100
0000000000000000000000000100
0000000000000000000000000100
0000000000000000000000000000
0000000000000000000000000000
