0000000000000000000000000000
0000000000000000000000000000
0011111111110111100000001100
0000000000000000000000000100
0000000000000000000000000100
0000000000000000000000000100
0000000000000000000000000100
0000000000011111000000000100
0000000000111111100000000100
0000000001111111110000000100
0000000001111001111000000100
0000000011110001111000000100
0000000011110000111000000100
0000000011110001111000000100
0000000001111011111000000100
0000000001111111111000000100
0000000000111111111000000000
0000000000011111111000000000
0000000000000001111000000000
0000000001110001110000000000
0000000001111111110000000000
0000000001111111100000000100
0000000000011111000000000100
0000000000000000000000000100
0000000000000000000000000100
0000000000000000000000000100
0000000000000000000000000000
0000000000000000000000000000
