0000000000000000000000000000
0000000000000000000000000000
0000000000000000000000000000
0000000000000000000000000000
0000000000000000000000000000
0000000000000000000000000000
0000000000000000000000000000
0000000000000000000000000000
0000000000000011000000000000
0000000000001111110000000000
0000000000001100010000000000
0000000000011000011000000000
0000000000011000011000000000
0000000000001100011000000000
0000000000001111111000000000
0000000000000011011000000000
0000000000001000011000000000
0000000000001100110000100000
0000000000001111110000000000
0000000000000011000000000000
0000000000000000000000000000
0000000000000000000000000000
0000000000000000000000000000
0000000000000000000000000000
0000000000000000000000000000
0000000000000000000000000000
0000000000000000000000000000
0000000000000000000000000000
