0000000000000000000000000000
0000000000000000000000000000
0000000000000000000000000000
0000000000000000000000000000
0000000000001111000000000000
0000000000111111100000000000
0000000000111111110000000000
0000000001111001110000000000
0000000001111000111000000000
0000000001111001111000000000
0000000000111111111000000000
0000000000111111111000000000
0000000000011111111000000000
0000000000000001110000000000
0000000000111001110000000000
0000000000111111110000000000
0000000000011111100000000000
0000000000001111000000000000
0000000000000000000000000000
0000000000000000000000000000
0000000000000000000000000000
0000000000000000000000000000
0000000000000000000000000000
0000000000000000000000000000
0000000000000000000000000000
0011111110100000000000000000
0000000000000000000000000000
0000000000000000000000000000
