0000000000000000000000000000
0000000000000000000000000000
0000000000000000000000000100
0000000000000000000000000100
0000000000000000000000000100
0000000000011111000000000100
0000000000111111100000000100
0000000001111011110000000100
0000000001110001110000000100
0000000001110001110000000100
0000000001110001110000000100
0000000000111111110000000100
0000000000111111110000000100
0000000000000101110000000100
0000000001110001110000000100
0000000000111111100000000100
0000000000111111100000000100
0000000000001110000000000100
0000000000000000000000000100
0000000000000000000000000100
0000000000000000000000000100
0000000000000000000000000100
0000000000000000000000000100
0000000000000000000000000100
0000000000000000000000000100
0000000000000000000000000100
0000000000000000000000000000
0000000000000000000000000000
