0000000000000000000000000000
0000000000000000000000000000
0011011111111111111111111100
0000000000000000000000000100
0000000000000000000000000100
0000000000000000000000000100
0000000000000000000000000100
0000000001111111100000000100
0000000011111111100000000100
0000000011111111110000000100
0000000011110011111000000100
0000000111110001111000000100
0000000111100001111000000100
0000000111110011111000000100
0000000011111111111000000100
0000000011111111111000000100
0000000001111111111000000100
0000000001111111110000000100
0000000001100011110000000100
0000000011110111110000000100
0000000011111111110000000100
0000000011111111100000000100
0000000000111111000000000100
0000000000000000000000000100
0000000000000000000000000100
0000000000000000000000000100
0000000000000000000000000000
0000000000000000000000000000
