0000000000000000000000000000
0000000000000000000000000000
0000000000000000000000000100
0000000000000000000000000100
0000000000000000000000000100
0000000000000000000000000100
0000000000111110000000000100
0000000001111111000000000100
0000000011111111100000000100
0000000111111111110000000100
0000000111100011110000000100
0000000111100011110000000100
0000000111100011110000000100
0000000111110111110000000100
0000000111111111110000000100
0000000011111111110000000100
0000000001111111110000000100
0000000011110111110000000100
0000000011100111110000000100
0000000111111111100000000100
0000000011111111100000000100
0000000001111111000000000100
0000000000111100000000000100
0000000000000000000000000100
0000000000000000000000000100
0000000000000000000000001100
0000000000000000000000000000
0000000000000000000000000000
