0000000000000000000000000000
0000000000000000000000000000
0010000000000000000000000000
0000000000000000000000000000
0000000000000000000000000000
0000000000000011000000000000
0010000000011111110000000000
0010000000111111111000000000
0010000001111111111000000000
0010000001111001111100000000
0010000001111000111100000000
0010000001110000111100000000
0010000001111000111100000000
0010000001111111111100000000
0010000000111111111100000000
0010000000011111111100000000
0010000000010011111100000000
0010000000110000111000000000
0010000000111101111000000000
0010000000111111111000000000
0010000000011111110000000000
0010000000000111000000000000
0010000000000000000000000000
0010000000000000000000000000
0010000000000000000000000000
0010000000000000000000000000
0000000000000000000000000000
0000000000000000000000000000
