0000000000000000000000000000
0000000000000000000000000000
0011111111111111111111111100
0000000000000000000000000000
0000000000000000000000000000
0000000000000000000000000000
0000000000000000000000000000
0000000000000000000000000000
0000000000000000000000000000
0000000000001111110000000000
0000000000011111111000000000
0000000000111000011100000000
0000000000111000001100000000
0000000000110000001100000000
0000000000110000001100000000
0000000000111000011100000000
0000000000011100011100000000
0000000000011111111100000000
0000000000001111101100000000
0000000000000000001100000000
0000000000111000011100000000
0000000000011000011100000000
0000000000011111111000000000
0000000000001111110000000000
0000000000000011000000000000
0010000000000000000000000000
0000000000000000000000000000
0000000000000000000000000000
