0000000000000000000000000000
0000000000000000000000000000
0010000000000000000000000000
0010000000000000000000000000
0010000000000000000000000000
0010000000000000000000000000
0010000000000000000000000000
0010000000000000000000000000
0010000000000000000000000000
0010000000000000000000000000
0010000000000001111000000000
0010000000000011111100000000
0010000000000110001100000000
0010000000000110000100000000
0010000000000110000100000000
0010000000000110001100000000
0010000000000011111100000000
0010000000000001110100000000
0010000000000000001100000000
0010000000000110001100000000
0010000000000011111000000000
0010000000000001100000000000
0010000000000000000000000000
0010000000000000000000000000
0010000000000000000000000000
0010000000000000000000000000
0000000000000000000000000000
0000000000000000000000000000
