0000000000000000000000000000
0000000000000000000000000000
0011000000000000000000000000
0010000000000000000000000000
0010000000000000000000000000
0010000000000000000000000000
0010000000000000000000000000
0010000000001111110000000000
0010000000011111111000000000
0010000000111111111100000000
0010000000111100111100000000
0010000000111000011110000000
0010000000111000011110000000
0010000000111100011110000000
0010000000111111111110000000
0010000000011111111110000000
0010000000011111111110000000
0010000000000111111110000000
0010000000011000111110000000
0010000000111100111100000000
0010000000111111111100000000
0010000000011111111000000000
0010000000001111110000000000
0010000000000000000000000000
0010000000000000000000000000
0011000000000000000000000000
0000000000000000000000000000
0000000000000000000000000000
