0000000000000000000000000000
0000000000000000000000000000
0000000000000000000000000000
0000000000000000000000000000
0000000000000000000000000000
0000000000001110000000000000
0000000000011111100000000000
0000000000111111110000000000
0000000000111001110000000000
0000000001110000110000000000
0000000001110000111000000000
0000000000111001111000000000
0000000000111111111000000000
0000000000011111111000000000
0000000000000000110000000000
0000000000111001110000000000
0000000000111111110000000000
0000000000011111100000000000
0000000000000100000000000000
0000000000000000000000000000
0000000000000000000000000000
0000000000000000000000000000
0000000000000000000000000000
0000000000000000000000000000
0000000000000000000000000000
0000000000000000000000000000
0000000000000000000000000000
0000000000000000000000000000
