0000000000000000000000000000
0000000000000000000000000000
0011111111111111111111110100
0000000000000000000000000000
0000000000000000000000000000
0000000000000000000000000000
0000000000000000000000000000
0000000000000000000000000000
0000000000011111000000000100
0000000000111111100000000100
0000000000111001110000000100
0000000001110001110000000100
0000000001110001110000000100
0000000001110001110000000100
0000000000111111110000000100
0000000000011111110000000100
0000000000000001110000000100
0000000000110001110000000100
0000000000111011100000000100
0000000000111111100000000100
0000000000001110000000000100
0000000000000000000000000100
0000000000000000000000000100
0000000000000000000000000100
0000000000000000000000000100
0000000000000000000000000100
0000000000000000000000000000
0000000000000000000000000000
