0000000000000000000000000000
0000000000000000000000000000
0000000000000000000000000100
0000000000000000000000000100
0000000000011111000000000100
0000000000111111100000000100
0000000001110011100000000100
0000000001110001110000000100
0000000001110001110000000100
0000000001110001110000000000
0000000001111111110000000100
0000000000111111110000000000
0000000000001101110000000100
0000000000010001110000000100
0000000000111011100000000000
0000000000111111100000000000
0000000000011111000000000000
0000000000000000000000000000
0000000000000000000000000000
0000000000000000000000000000
0000000000000000000000000000
0000000000000000000000000000
0000000000000000000000000000
0000000000000000000000000000
0000000000000000000000000000
0011111010001000000000000100
0000000000000000000000000000
0000000000000000000000000000
