0000000000000000000000000000
0000000000000000000000000000
0000000000000000000000000000
0000000000000000000000000000
0000000000000000000000000000
0000000000000000000000000000
0000000000000000000000000000
0000000000000000000000000000
0000000000001111110000000000
0000000000011100111000000000
0000000000011000011000000000
0000000000110000001100000000
0000000000110000001100000000
0000000000110000001100000000
0000000000011000011100000000
0000000000011100111100000000
0000000000001111101100000000
0000000000000000001100000000
0000000000010000011000000000
0000000000011000011000000000
0000000000011100110000000000
0000000000001111100000000000
0000000000000000000000000000
0000000000000000000000000000
0000000000000000000000000000
0000000000000000000000000000
0000000000000000000000000000
0000000000000000000000000000
