0000000000000000000000000000
0000000000000000000000000000
0000000000000000000000000000
0000000000000000000000000000
0000000000000000000000000000
0000000000000000000000000000
0000000000000000000000000000
0000000000000000000000000000
0000000000000000000000000000
0000000000011100000000000000
0000000001111111000000000000
0000000011110111100000000000
0000000011100001110000000000
0000000111000001110000000000
0000000111000000111000000000
0000000111000000111000000000
0000000111000000111000000000
0000000011100001111000000000
0000000011110011111000000000
0000000001111111111000000000
0000000000111100111000000000
0000000000000000110000000000
0000000000000001110000000000
0000000000000001110000000000
0000000001000111100000000000
0000000011111111000000000000
0000000000000000000000000000
0000000000000000000000000000
