0000000000000000000000000000
0000000000000000000000000000
0000000000000000000000000000
0000000000000000000000000000
0000000000000000000000000000
0000000000000000000000000000
0000000000000110000000000000
0000000000111111100000000000
0000000001111001110000000000
0000000001100000111000000000
0000000011100000011000000000
0000000011100000011000000000
0000000011100000011000000000
0000000001100000011100000000
0000000001111001111000000000
0000000000111111111000000000
0000000000000100011000000000
0000000000000000011000000000
0000000000000000110000000000
0000000000000001110000000000
0000000000111111100000000000
0000000000111111000000000000
0000000000000000000000000000
0000000000000000000000000000
0000000000000000000000000000
0000000000000000000000000000
0000000000000000000000000000
0000000000000000000000000000
