0000000000000000000000000000
0000000000000000000000000000
0010000000000000000000000000
0010000000000000000000000000
0010000000000000000000000000
0010000000000001100000000000
0010000000000111111000000000
0010000000001111011100000000
0010000000011100000110000000
0010000000011100000111000000
0010000000011000000111000000
0010000000011000000011000000
0010000000011100000111000000
0010000000011100000111000000
0010000000001111111111000000
0010000000000111111111000000
0010000000000001000011000000
0010000000000000000111000000
0010000000011100000110000000
0010000000001100001110000000
0010000000001111111100000000
0010000000000111111000000000
0010000000000000000000000000
0010000000000000000000000000
0010000000000000000000000000
0010000000000000000000000000
0000000000000000000000000000
0000000000000000000000000000
