0000000000000000000000000000
0000000000000000000000000000
0000000000000000000000000000
0000000000000000000000000000
0000000000001110000000000000
0000000000111111100000000000
0000000001111001110000000000
0000000001110000111000000000
0000000001100000011000000000
0000000011100000011000000000
0000000001100000011000000000
0000000001100000111000000000
0000000001110000111000000000
0000000000111111111000000000
0000000000011111011000000000
0000000000000000011000000000
0000000000000000011000000000
0000000001100000111000000000
0000000001110001110000000000
0000000000111111100000000000
0000000000011111000000000000
0000000000000000000000000000
0000000000000000000000000000
0000000000000000000000000000
0000000000000000000000000000
0000000000000000000000000000
0000000000000000000000000000
0000000000000000000000000000
