0000000000000000000000000000
0000000000000000000000000000
0000000000000000000000000000
0000000000000000000000000000
0000000000000111110000000000
0000000000011111111000000000
0000000000111111111100000000
0000000000111000011110000000
0000000000110000001110000000
0000000001110000001110000000
0000000000110000001110000000
0000000000111000011110000000
0000000000111111111110000000
0000000000011111111110000000
0000000000001111101110000000
0000000000000000001100000000
0000000000110000011100000000
0000000000111000111100000000
0000000000111111111000000000
0000000000011111110000000000
0000000000000110000000000000
0000000000000000000000000000
0000000000000000000000000000
0000000000000000000000000000
0000000000000000000111111100
0011111111111111111111111100
0000000000000000000000000000
0000000000000000000000000000
