0000000000000000000000000000
0000000000000000000000000000
0011111110000111111111111100
0000000000000000000000011100
0000000000000000000000001100
0000000000000000000000001100
0000000000000000000000001100
0000000000000000000000001100
0000000000000000000000001100
0000000000000000000000001100
0000000000000000000000001100
0000000000000000000000001100
0000000000000000000000001100
0000000000000000000000001100
0000000000000000000000001100
0000000000000000000000001100
0000000000000000000000001100
0000000000000000000000001100
0000000000000000000000001100
0000000000000000000000001100
0000000000000000000000001100
0000000000000000000000001100
0000000000000000000000001100
0000000000000000000000001100
0000000000000000000000001100
0000000000000000000000001100
0000000000000000000000000000
0000000000000000000000000000
