0000000000000000000000000000
0000000000000000000000000000
0010000000000000000001111100
0010000000000000000000111100
0010000000000000000000011100
0010000000000000000000001100
0010000000000000000000001100
0010000000000000000000001100
0010000000000000000000001100
0010000000000000000000001100
0010000000000000000000001100
0010000000000000000000001100
0010000000000000000000001100
0010000000000000000000001100
0010000000000000000000001100
0010000000000000000000001100
0010000000000000000000001100
0010000000000000000000000100
0010000000000000000000000100
0010000000000000000000000100
0010000000000000000000000100
0010000000000000000000000100
0010000000000000000000000100
0010000000000000000000000100
0010000000000000000000000100
0011111111110000000000001100
0000000000000000000000000000
0000000000000000000000000000
