0000000000000000000000000000
0000000000000000000000000000
0000000000000000000000000000
0000000000000000000001100000
0000000000000000000001100000
0000000000000000000111100000
0000000000000000011111100000
0000000000000000001111100000
0000000000000000000001100000
0000000000000000000001100000
0000000000000000000001100000
0000000000000000000001100000
0000000000000000000001100000
0000000000000000000001100000
0000000000000000000001100000
0000000000000000000001100000
0000000000000000000001100000
0000000000000000000001100000
0000000000000000000000000000
0000000000000000000000000000
0000000000000000000000000000
0000000000000000000000000000
0000000000000000000000000000
0000000000000000000000000000
0000000000000000000000000000
0000000000000000000000000000
0000000000000000000000000000
0000000000000000000000000000
