0000000000000000000000000000
0000000000000000000000000000
0000000000000000000000000000
0000000000000000000000000000
0000000000111100000000000000
0000000011111100000000000000
0000000111111100000000000000
0000000111111100000000000000
0000000010111100000000000000
0000000000111100000000000000
0000000000111100000000000000
0000000000111100000000000000
0000000000111100000000000000
0000000000111100000000000000
0000000000111100000000000000
0000000000111100000000000000
0000000000011100000000000000
0000000000000000000000000000
0000000000000000000000000000
0000000000000000000000000000
0000000000000000000000000000
0000000000000000000000000000
0000000000000000000000000000
0000000000000000000000000000
0000000000000000000000000000
0000000000000000000000000000
0000000000000000000000000000
0000000000000000000000000000
