0000000000000000000000000000
0000000000000000000000000000
0000000000000000000000000000
0000000000000000000000000000
0000000000000000000000000000
0000000000000000000011000000
0000000000000000000111000000
0000000000000000011111000000
0000000000000000011111000000
0000000000000000010011000000
0000000000000000000011000000
0000000000000000000011000000
0000000000000000000011000000
0000000000000000000011000000
0000000000000000000011000000
0000000000000000000011000000
0000000000000000000011000000
0000000000000000000011000000
0000000000000000000011000000
0000000000000000000000000000
0000000000000000000000000000
0000000000000000000000000000
0000000000000000000000000000
0000000000000000000000000000
0000000000000000000000000000
0000000000000000000000000000
0000000000000000000000000000
0000000000000000000000000000
