0000000000000000000000000000
0000000000000000000000000000
0000000000000000000000000000
0000000000000111100000000000
0000000000011111110000000000
0000000000111111110000000000
0000000000011111110000000000
0000000000000011110000000000
0000000000000011110000000000
0000000000000011110000000000
0000000000000011110000000000
0000000000000011110000000000
0000000000000011110000000000
0000000000000011110000000000
0000000000000011110000000000
0000000000000011110000000000
0000000000000011110000000000
0000000000000011110000000000
0000000000000011110000000000
0000000000000011110000000000
0000000000000011110000000000
0000000000011111111110000000
0000000000111111111110000000
0000000000011111111110000000
0000000000000000000000000000
0000000000000000000000000000
0000000000000000000000000000
0000000000000000000000000000
