0000000000000000000000000000
0000000000000000000000000000
0000000000000000000000000000
0000000000000000000000000000
0000000000000000000000000000
0000000000000000000000000000
0000000000000000000000000000
0000000000000000000000000000
0000000000000000000000000000
0000000000000000000000000000
0000000000000000000111000000
0000000000000000011111000000
0000000000000000011111000000
0000000000000000011111000000
0000000000000000000111000000
0000000000000000000111000000
0000000000000000000111000000
0000000000000000000110000000
0000000000000000000110000000
0000000000000000000110000000
0000000000000000000111000000
0000000000000000011111100000
0000000000000000011111100000
0000000000000000000000000000
0000000000000000000000000000
0000000000000000000000000000
0000000000000000000000000000
0000000000000000000000000000
