0000000000000000000000000000
0000000000000000000000000000
0000000000000000000000000100
0000000000000000000000000100
0000000000000000000000000100
0000000000000000000000000100
0000000000000000000000000100
0000000000000000000000000100
0000000000000000000000000100
0000000000000100000000000100
0000000000001100000000000100
0000000000111100000000000100
0000000001111100000000000100
0000000000001100000000000100
0000000000001100000000000100
0000000000001110000000000100
0000000000001100000000000100
0000000000001100000000000100
0000000000001100000000000100
0000000000001100000000000100
0000000000001100000000000100
0000000000001100000000000100
0000000000001100000000000100
0000000000000000000000000100
0000000000000000000000000100
0000000000000000000000000100
0000000000000000000000000000
0000000000000000000000000000
