0000000000000000000000000000
0000000000000000000000000000
0011111111111111111111111100
0011011111011111111111111100
0000000000000000000000000100
0000000000000110000000000100
0000000000001111000000000100
0000000000011111100000000100
0000000000111111110000000100
0000000000111111110000000100
0000000000111111110000000100
0000000000111111110000000100
0000000000011111110000000100
0000000000001111110000000100
0000000000001111110000000100
0000000000001111110000000100
0000000000001111110000000100
0000000000001111110000000100
0000000000001111110000000100
0000000000000111110000000100
0000000000000011100000000100
0000000000000000100000000100
0000000000000000000000000100
0000000000000000000000000100
0000000000000000000000000100
0000000000000000000000000100
0000000000000000000000000000
0000000000000000000000000000
