0000000000000000000000000000
0000000000000000000000000000
0010000000000000000000000100
0000000000000000000000000100
0000000000000000000000000100
0000000000000010000000000100
0000000000001111000000000100
0000000000111111100000000100
0000000001111111100000000100
0000000001111111100000000100
0000000000011111100000000100
0000000000011111100000000100
0000000000001111100000000100
0000000000001111100000000100
0000000000011111100000001100
0000000000001111100000000100
0000000000001111100000000100
0000000000001111100000000100
0000000000001111100000000100
0000000000001111100000000100
0000000000000111000000000100
0000000000000000000000000100
0000000000000000000000000100
0000000000000000000000001100
0010000000000011111111001100
0011111111111111111111111100
0000000000000000000000000000
0000000000000000000000000000
