0000000000000000000000000000
0000000000000000000000000000
0011011111111111111111111100
0010000000000000000000000100
0000000000000000000000000100
0000000000000000000000000100
0000000000000111000000000100
0000000000001111100000000100
0000000000011111100000000100
0000000000111111100000000100
0000000000111111100000000100
0000000000111111100000000100
0000000000001111100000000100
0000000000001111100000000100
0000000000001111100000000000
0000000000001111100000000000
0000000000001111100000000000
0000000000001111100000000000
0000000000001111100000000000
0010000000001111110000000100
0010000000001111100000000100
0010000000001111100000000100
0010000000000111000000000100
0010000000000000000000000100
0010000000001000000000000100
0011111111111111111111111100
0000000000000000000000000000
0000000000000000000000000000
