0000000000000000000000000000
0000000000000000000000000000
0011111111111111111111111100
0011111111111111111111111100
0011011110111110111111111100
0011000000000000010011111100
0011000000000111110000001100
0010000000001111110000000100
0010000000011111110000000100
0010000000111111110000000100
0010000001111111110000000100
0010000001111111110000000100
0010000000111111110000000000
0010000000001111110000000100
0010000000001111110000000100
0010000000001111110000000100
0010000000001111110000001100
0010000000001111110000001100
0010000000001111110000000100
0010000000001111110000000100
0010000000000111100000000100
0010000000000000000000000100
0010000000000000000000000100
0010000000000000000000000100
0011000000000000000000001100
0011111111111111111111111100
0000000000000000000000000000
0000000000000000000000000000
