0000000000000000000000000000
0000000000000000000000000000
0000000000000000000000000000
0000000000000000000000000000
0000000000000000000000000000
0000000000000000000000000000
0000000000000000000000000000
0000000000000000000000000000
0000000000000000000000000000
0000000000000000000000000000
0000000000000000000000000000
0000000000000000111100000000
0000000000000001111111000000
0000000000000011100111100000
0000000000000011000011100000
0000000000000011000001100000
0000000000000000000011100000
0000000000000000000111000000
0000000000000000001111000000
0000000000000000111100000000
0000000000000001110000000000
0000000000000011100000000000
0000000000000011000000000000
0000000000000111111111000000
0000000000000111111111100000
0000000000000000000000000000
0000000000000000000000000000
0000000000000000000000000000
