0000000000000000000000000000
0000000000000000000000000000
0000000000000011000000000000
0000000000001111110000000000
0000000000011111111000000000
0000000000011100111000000000
0000000000011000011100000000
0000000000111000011100000000
0000000000110000011100000000
0000000000010000011100000000
0000000000000000011000000000
0000000000000000111000000000
0000000000000001111000000000
0000000000000011110000000000
0000000000001111100000000000
0000000000001111000000000000
0000000000011100000000000000
0000000000011000000000000000
0000000000111000000000000000
0000000000111111111000000000
0000000000111111111000000000
0000000000111111111000000000
0000000000000001000000000000
0000000000000000000000000000
0000000000000000000000000000
0000000000000000000000000000
0000000000000000000000000000
0000000000000000000000000000
