0000000000000000000000000000
0000000000000000000000000000
0000000000000000000000000000
0000000000000000000000000000
0000000000000000000000000000
0000000000000000000000000000
0000000000000000111110000000
0000000000000011111111000000
0000000000000011111111000000
0000000000000011110111000000
0000000000000011100111100000
0000000000000000000111100000
0000000000000000000111000000
0000000000000000001111000000
0000000000000000011110000000
0000000000000000011110000000
0000000000000000111100000000
0000000000000001111000000000
0000000000000011111111000000
0000000000000011111111100000
0000000000000011111111100000
0000000000000011111111000000
0000000000000000000000000000
0000000000000000000000000000
0000000000000000000000000000
0000000000000000000000000000
0000000000000000000000000000
0000000000000000000000000000
