0000000000000000000000000000
0000000000000000000000000000
0000000000000000011110000000
0000000000000000111111000000
0000000000000001111111100000
0000000000000001110011100000
0000000000000001100001100000
0000000000000011100001110000
0000000000000011100001110000
0000000000000001000001110000
0000000000000000000001100000
0000000000000000000011100000
0000000000000000000111100000
0000000000000000001111000000
0000000000000000011110000000
0000000000000000111100000000
0000000000000001111000000000
0000000000000001110000000000
0000000000000011100000000000
0000000000000011111101000000
0000000000000011111111100000
0000000000000011111111110000
0000000000000001111111100000
0000000000000000000000000000
0000000000000000000000000000
0000000000000000000000000000
0000000000000000000000000000
0000000000000000000000000000
