0000000000000000000000000000
0000000000000000000000000000
0000000000000000000000000000
0000000000111110000000000000
0000000011111111100000000000
0000000011110111110000000000
0000000111000001110000000000
0000000111000001111000000000
0000000111000000111000000000
0000000010000001110000000000
0000000000000011110000000000
0000000000000111100000000000
0000000000001111000000000000
0000000000111110000000000000
0000000001111000000000000000
0000000011110000000000000000
0000000111100000000000000000
0000000111000000000000000000
0000000111111111110000000000
0000000111111111110000000000
0000000111111111100000000000
0000000000000000000000000000
0000000000000000000000000000
0000000000000000000000000000
0000000000000000000000000000
0000000000000000000000000000
0000000000000000000000000000
0000000000000000000000000000
