0000000000000000000000000000
0000000000000000000000000000
0000000000000000000000000000
0000000000000000000000000000
0000000000000000000000000000
0000000000000000000000000000
0001111110000000000000000000
0111111111000000000000000000
0111111111100000000000000000
1111100111100000000000000000
0010000111110000000000000000
0000000111110000000000000000
0000001111100000000000000000
0000011111100000000000000000
0000111111000000000000000000
0000111110000000000000000000
0001111100000000000000000000
0011111000000000000000000000
0111111000000000000000000000
0111111111100000000000000000
1111111111100000000000000000
0000000000000000000000000000
0000000000000000000000000000
0000000000000000000000000000
0000000000000000000000000000
0000000000000000000000000000
0000000000000000000000000000
0000000000000000000000000000
