0000000000000000000000000000
0000000000000000000000000000
0000000000000000000000000000
0000000000000000000000000000
0000000000000000000000000000
0000000001111000000000000000
0000001111111111000000000000
0000001111111111100000000000
0000011111000111100000000000
0000000000001111100000000000
0000000000001111100000000000
0000000000111111000000000000
0000000001111110000000000000
0000000011111100000000000000
0000001111110000000000000000
0000011111111111100000000000
0000011111111111100000000000
0000011111111111100000000000
0000000000000000000000000000
0000000000000000000000000000
0000000000000000000000000000
0000000000000000000000000000
0000000000000000000000000000
0000000000000000000000000000
0000000000000000000000000000
0000000000000000000000000000
0000000000000000000000000000
0000000000000000000000000000
