0000000000000000000000000000
0000000000000000000000000000
0000000000000000000000000000
0000000000000000000000000000
0000000000000000000000000000
0000000000000000000000000000
0000000000000000000000000000
0000000000000000000000000000
0000000000000000000000000000
0000000000000000000000000000
0000000000000000000000000000
0000000000000000000000000000
0000000000000000001111100000
0000000000000000011111100000
0000000000000000010000110000
0000000000000000000000110000
0000000000000000000000110000
0000000000000000000000110000
0000000000000000000001100000
0000000000000000000001000000
0000000000000000000011000000
0000000000000000000110000000
0000000000000000001100000000
0000000000000000011100000000
0000000000000000011111110000
0000000000000000011111100000
0000000000000000000000000000
0000000000000000000000000000
