0000000000000000000000000000
0000000000000000000000000000
0000000000000000000000000000
0000000000000000000000000000
0000000000000000000000000000
0000000000000111110000000000
0000000000001111111000000000
0000000000001111111000000000
0000000000001110111100000000
0000000000000000111100000000
0000000000000000111100000000
0000000000000001111000000000
0000000000000011110000000000
0000000000000111110000000000
0000000000001111110000000000
0000000000001111111000000000
0000000000001111111000000000
0000000000001111111000000000
0000000000000000000000000000
0000000000000000000000000000
0000000000000000000000000000
0010000000000000000000000000
0010000000000000000000000000
0000000000000000000000000000
0010000000000000000000000000
0011000000000000000000000000
0000000000000000000000000000
0000000000000000000000000000
