0000000000000000000000000000
0000000000000000000000000000
0011111111111111111111111100
0011000100011111111111111100
0011000000000000000000000000
0011000000000000000000000000
0011000000000111110000000000
0011000000011111111100000000
0011000000111111111110000000
0011000000111111111110000000
0011000000111111111110000000
0011000000111110111110000000
0011000000111100011111000000
0011000000111001111110000000
0011000000000001111110000000
0011000000000111111100000000
0011000000001111111000000000
0011000000011111110000000000
0011000000111111000000000000
0011000000111111110000000000
0011000000111111111110000000
0011000000111111111110000000
0011000000111111111110000000
0010000000011100100000000000
0011000000000000000000000000
0011000000000000000000000000
0000000000000000000000000000
0000000000000000000000000000
