0000000000000000000000000000
0000000000000000000000000000
0000000000000000000000000000
0000000000000000000000000000
0000000000000000000000000000
0000000000000111111000000000
0000000000000111111100000000
0000000000001110011100000000
0000000000001100001100000000
0000000000001100001100000000
0000000000000000001100000000
0000000000000000011100000000
0000000000000001111000000000
0000000000000001111100000000
0000000000000000001110000000
0000000000000000001110000000
0000000000001000000110000000
0000000000011000001110000000
0000000000001100001100000000
0000000000001111111100000000
0000000000000111111000000000
0000000000000001100000000000
0000000000000000000000000000
0000000000000000000000000000
0000000000000000000000000000
0000000000000000000000000000
0000000000000000000000000000
0000000000000000000000000000
