0000000000000000000000000000
0000000000000000000000000000
0000000000000000000000000000
0000000111111110000000000000
0000001111111111000000000000
0000000100000111000000000000
0000000000000011000000000000
0000000000000111000000000000
0000000000001111000000000000
0000000000111110000000000000
0000000000111110000000000000
0000000000000111000000000000
0000000000000011100000000000
0000000000000011100000000000
0000000000000011100000000000
0000000000000111100000000000
0000001111111111000000000000
0000001111111110000000000000
0000000000000000000000000000
0000000000000000000000000000
0000000000000000000000000000
0000000000000000000000000000
0000000000000000000000000000
0000000000000000000000000000
0000000000000000000000000000
0000000000000000000000000000
0000000000000000000000000000
0000000000000000000000000000
