0000000000000000000000000000
0000000000000000000000000000
0000000000000000000000000000
0000000000000000000000000000
0000000000000000000000000000
0000000000000000000000000000
0000000000000000000000000000
0000000000000000000000000000
0000000000000000000000000000
0000000000000000011110000000
0000000000000000111111100000
0000000000000001111111100000
0000000000000001111111110000
0000000000000001110011110000
0000000000000000100011110000
0000000000000000000111100000
0000000000000000000111100000
0000000000000000000111100000
0000000000000000000111100000
0000000000000000000011110000
0000000000000000000011110000
0000000000000000000011110000
0000000000000000000011110000
0000000000000001110011110000
0000000000000001111111110000
0000000000000001111111100000
0000000000000000111111000000
0000000000000000011110000000
