0000000000000000000000000000
0000000000000000000000000000
0000000000000000000000000000
0000000000000000000000000000
0000000000000000000000000000
0000000000000000000000000000
0000000000000000000000000000
0000000000000000000000000000
0000000000000000000000000000
0000001111100000000000000000
0000011111110000000000000000
0000011111111000000000000000
0000011000111000000000000000
0000000000110000000000000000
0000000001110000000000000000
0000000011110000000000000000
0000000111111000000000000000
0000000011111100000000000000
0000000000111100000000000000
0000000000011100000000000000
0000010000011000000000000000
0000110000111000000000000000
0000011111110000000000000000
0000011111100000000000000000
0000000000000000000000000000
0000000000000000000000000000
0000000000000000000000000000
0000000000000000000000000000
