0000000000000000000000000000
0000000000000000000000000000
0000001111100000000000000000
0000011111110000000000000000
0000011100111000000000000000
0000111000011000000000000000
0000110000011000000000000000
0000000000011000000000000000
0000000000111000000000000000
0000000011110000000000000000
0000000111110000000000000000
0000000000111000000000000000
0000000000011100000000000000
0000000000001100000000000000
0000000000001100000000000000
0000110000011100000000000000
0000110000011100000000000000
0000111000111000000000000000
0000011111111000000000000000
0000001111110000000000000000
0000000010000000000000000000
0000000000000000000000000000
0000000000000000000000000000
0000000000000000000000000000
0000000000000000000000000000
0000000000000000000000000000
0000000000000000000000000000
0000000000000000000000000000
