0000000000000000000000000000
0000000000000000000000000000
0000000000000000000000000000
0000000000000000000000000000
0000000000000000000000000000
0000000000000000000000000000
0000000000000000000000000000
0000000000000000000000000000
0000000000000000000000000000
0000000000000000000000000000
0000000000000000000000000000
0000000000011000000000000000
0000000000111100000000000000
0000000001111110000000000000
0000000001000110000000000000
0000000000000110000000000000
0000000000000110000000000000
0000000000000110000000000000
0000000000001100000000000000
0000000000001110000000000000
0000000000011110000000000000
0000000000000111000000000000
0000000000000111000000000000
0000000000000011000000000000
0000000000000011000000000000
0000000000000010000000000000
0000000000000110000000000000
0000000011101100000000000000
