0000000000000000000000000000
0000000000000000000000000000
0000000000000000000000000000
0000000000000000000000000000
0000000000000000000000000000
0000000000000000000000000000
0000000000000000000000000000
0000000000000000000000000000
0000001111110000000000000000
0000011111111100000000000000
0000111111111100000000000000
0000111100111100000000000000
0000000000111100000000000000
0000000111111000000000000000
0000000111111000000000000000
0000000001111100000000000000
0000000000111100000000000000
0000111100111100000000000000
0000111111111100000000000000
0000111111111000000000000000
0000000111100000000000000000
0000000000000000000000000000
0000000000000000000000000000
0000000000000000000000000000
0000000000000000000000000000
0000000000000000000000000000
0000000000000000000000000000
0000000000000000000000000000
