0000000000000000000000000000
0000000000000000000000000000
0000000000000000000000000000
0000000000000000100000000000
0000000000000011111100000000
0000000000000111011110000000
0000000000000110000110000000
0000000000000110000110000000
0000000000000000000110000000
0000000000000000011100000000
0000000000000000111100000000
0000000000000000111110000000
0000000000000000000110000000
0000000000000100000110000000
0000000000001100000110000000
0000000000000110000110000000
0000000000000111111110000000
0000000000000011111100000000
0000000000000000000000000000
0000000000000000000000000000
0000000000000000000000000000
0000000000000000000000000000
0000000000000000000000000000
0000000000000000000000000000
0000000000000000000000000000
0000000000000000000000000000
0000000000000000000000000000
0000000000000000000000000000
