0000000000000000000000000000
0000000000000000000000000000
0000000000000000000000000000
0000000000000000000000000000
0000000000000000000000000000
0000000000000000000000000000
0000000000000000000000000000
0000011111000000000000000000
0001111111110000000000000000
0011110011111000000000000000
0011100000111000000000000000
0111000000111000000000000000
0000000000111000000000000000
0000000011110000000000000000
0000001111110000000000000000
0000001111111000000000000000
0000000000111000000000000000
0000000000011100000000000000
0000000000011100000000000000
0110000000011100000000000000
0111000000011100000000000000
0011110001111000000000000000
0011111111110000000000000000
0000111111100000000000000000
0000000000000000000000000000
0000000000000000000000000000
0000000000000000000000000000
0000000000000000000000000000
