0000000000000000000000000000
0000000000000000000000000000
0000000000000000000000000000
0000000000000000000000000000
0000000000000000000000000000
0000000000000000000000000000
0000000000000000000000000000
0000000000000000000000000000
0000000000000000000000000000
0000000000000000000000000000
0000000000011111100000000000
0000000000011111110000000000
0000000000111111111000000000
0000000000000000111000000000
0000000000000000011000000000
0000000000000000011000000000
0000000000000000111000000000
0000000000000111110000000000
0000000000000111110000000000
0000000000000111111000000000
0000000000000000111000000000
0000000000000000011000000000
0000000000000000011100000000
0000000000000000011100000000
0000000000000000111000000000
0000000000111011111000000000
0000000000111111110000000000
0000000000111111100000000000
