0000000000000000000000000000
0000000000000000000000000000
0000000000000000000000000000
0000000000000000000000000000
0000000000000000000000000000
0000000000000001111100000000
0000000000000011111110000000
0000000000000011111111000000
0000000000000010000111000000
0000000000000000000111000000
0000000000000000000110000000
0000000000000000001100000000
0000000000000000111110000000
0000000000000000111111000000
0000000000000000000111100000
0000000000000000000111100000
0000000000000000000011000000
0000000000000010000111000000
0000000000000111000110000000
0000000000000011111110000000
0000000000000011111000000000
0000000000000000000000000000
0000000000000000000000000000
0000000000000000000000000000
0000000000000000000000000000
0000000000000000000000000000
0000000000000000000000000000
0000000000000000000000000000
