0000000000000000000000000000
0000000000000000000000000000
0000000000000000000000000000
0000000000000000000000000000
0000000000000000000000000000
0000000000111111000000000000
0000000001110111100000000000
0000000001100001100000000000
0000000001000001100000000000
0000000000000011100000000000
0000000000001111000000000000
0000000000001111100000000000
0000000000000001110000000000
0000000001000001110000000000
0000000011000001110000000000
0000000001100011100000000000
0000000001111111000000000000
0000000000000000000000000000
0000000000000000000000000000
0000000000000000000000000000
0000000000000000000000000000
0000000000000000000000000000
0000000000000000000000000000
0000000000000000000000000000
0000000000000000000000000000
0000000000000000000000000000
0000000000000000000000000000
0000000000000000000000000000
