0000000000000000000000000000
0000000000000000000000000000
0000000000000000000000000000
0000000000000000000000000000
0000000000000000000000000000
0000000000000000000000000000
0000000000000000000000000000
0000000000000000000000000000
0000000000000000000000000000
0000000000111100000000000000
0000000001111110000000000000
0000000001100110000000000000
0000000000000111000000000000
0000000000000110000000000000
0000000000011110000000000000
0000000000111110000000000000
0000000000001110000000000000
0000000000000111000000000000
0000000000000011000000000000
0000000011000111000000000000
0000000011100110000000000000
0000000001111110000000000000
0000000000111100000000000000
0000000000000000000000000000
0000000000000000000000000000
0000000000000000000000000000
0000000000000000000000000000
0000000000000000000000000000
