0000000000000000000000000000
0000000000000000000000000000
0000000000000000000000000000
0000000000000000000011110000
0000000000000000001111111100
0000000000000000011111111110
0000000000000000011110011110
0000000000000000001000011110
0000000000000000000000111110
0000000000000000000001111100
0000000000000000000000111100
0000000000000000000000111110
0000000000000000000000011110
0000000000000000000000011110
0000000000000000011110011110
0000000000000000011111111110
0000000000000000001111111100
0000000000000000000111111000
0000000000000000000000000000
0000000000000000000000000000
0000000000000000000000000000
0000000000000000000000000000
0000000000000000000000000000
0000000000000000000000000000
0000000000000000000000000000
0000000000000000000000000000
0000000000000000000000000000
0000000000000000000000000000
