0000000000000000000000000000
0000000000000000000000000000
0000000000000000000000000000
0000000000000000000000000000
0000000000000000000000000000
0000000000000000000000000000
0000000000000000000000000000
0000000000000000000000000000
0000000000000000000000000000
0000000000000000000000000000
0000000000000000000000000000
0000000000000000000000000000
0000000000000000000000000000
0000000000000000000000000000
0000000000000111100000000000
0000000000001101100000000000
0000000000001000100000000000
0000000000000011100000000000
0000000000000011100000000000
0000000000000001100000000000
0000000000001000110000000000
0000000000001100110000000000
0000000000001111100000000000
0000000000000111000000000000
0000000000000000000000000000
0000000000000000000000000000
0000000000000000000000000000
0000000000000000000000000000
