0000000000000000000000000000
0000000000000000000000000000
0000000000000000000000000000
0000000000000000000000000000
0000000000000000000000000000
0000000000000000011111000000
0000000000000000111111110000
0000000000000000111111111000
0000000000000000000000110000
0000000000000000000000111000
0000000000000000000001110000
0000000000000000000001111000
0000000000000000001111110000
0000000000000000011111110000
0000000000000000011111110000
0000000000000000000001111000
0000000000000000000000111000
0000000000000000000000111100
0000000000000000000000011000
0000000000000000000000111100
0000000000000000100001111000
0000000000000001111111110000
0000000000000001111111110000
0000000000000000000000000000
0000000000000000000000000000
0000000000000000000000000000
0000000000000000000000000000
0000000000000000000000000000
