0000000000000000000000000000
0000000000000000000000000000
0000000000000000000000000000
0000000000000000000000000000
0000000000000000000000000000
0000000000000000000000000000
0000000000000000000000000000
0000000000000000000000000000
0000000000000000000000000000
0000000000000000000000000000
0000000000000000000000000000
0000000000011111100000000000
0000000000111111111000000000
0000000001111001111000000000
0000000011110000111100000000
0000000011100000011100000000
0000000011100000011100000000
0000000000000000011100000000
0000000000000000111000000000
0000000000000111111000000000
0000000000001111111000000000
0000000000000111111000000000
0000000000000000111100000000
0000000000000000011110000000
0000000000000000001110000000
0000000000000000001110000000
0000000000000000001110000000
0000000011000000001110000000
