0000000000000000000000000000
0000000000000000000000000000
0000000000000000000000000000
0000000000000000000000000000
0000000000000000000000000000
0000000000000000000000000000
0000000000000000000000000000
0000000111111000000000000000
0000001111111100000000000000
0000011100111100000000000000
0000000000011100000000000000
0000000000011100000000000000
0000000000111000000000000000
0000000011111100000000000000
0000000001111110000000000000
0000000000001111000000000000
0000000000001110000000000000
0000010000001110000000000000
0000011100011100000000000000
0000011111111000000000000000
0000000110000000000000000000
0000000000000000000000000000
0000000000000000000000000000
0000000000000000000000000000
0000000000000000000000000000
0000000000000000000000000000
0000000000000000000000000000
0000000000000000000000000000
