0000000000000000000000000000
0000000000000000000000000000
0000000000000000000000000000
0000000000000000000000000000
0000000000000000000000000000
0000000000000000000000000000
0000000000000000001111100000
0000000000000000011111110000
0000000000000000011111111000
0000000000000000111100111100
0000000000000000011000111100
0000000000000000000001111000
0000000000000000000011110000
0000000000000000000011110000
0000000000000000000001111000
0000000000000000000001111000
0000000000000000000000111000
0000000000000000000000111100
0000000000000000111000111100
0000000000000000111101111000
0000000000000000111111111000
0000000000000000011111110000
0000000000000000000111100000
0000000000000000000000000000
0000000000000000000000000000
0000000000000000000000000000
0000000000000000000000000000
0000000000000000000000000000
