0000000000000000000000000000
0000000000000000000000000000
0010000000000000000000000000
0010000000000000000000000000
0010000000000000000000000000
0010000000000000000000000000
0010000000001111111000000000
0010000000011111111100000000
0010000000011111111100000000
0010000000011100011100000000
0010000000011000111100000000
0000000000000001111100000000
0010000000000011111100000000
0010000000000011111100000000
0010000000000001111100000000
0010000000000000011110000000
0010000000010000011110000000
0010000000111000011110000000
0010000000111111111100000000
0010000000011111111100000000
0000000000011111111000000000
0000000000000011100000000000
0010000000000000000000000000
0010000000000000000000000000
0010000000000000000000000000
0011000000000000000000011100
0000000000000000000000000000
0000000000000000000000000000
