0000000000000000000000000000
0000000000000000000000000000
0010000000000000000000000000
0010000000000000000000000000
0010000000000000000000000000
0010000000000011000000000000
0010000000001111110000000000
0010000000011111111100000000
0000000000111111111100000000
0000000000111100111100000000
0000000000011000111100000000
0000000000000001111100000000
0000000000000011111100000000
0000000000000011111100000000
0000000000000011111100000000
0000000000000000111110000000
0000000000000000011110000000
0000000000111000011110000000
0000000000111110111100000000
0000000000111111111100000000
0000000000011111111000000000
0000000000000111100000000000
0000000000000000000000000000
0000000000000000000000000000
0000000000000000000000000000
0011000000000000000000001100
0000000000000000000000000000
0000000000000000000000000000
