0000000000000000000000000000
0000000000000000000000000000
0011111111111111111111111100
0000000000000000000000000000
0000000000000000000000000000
0000000000000000000000000000
0000000000000000000000000000
0000000000000000000000000000
0000000000000001111111000000
0000000000000011111111100000
0000000000000111100011100000
0000000000000111000001110000
0000000000000111000001110000
0000000000000000000001100000
0000000000000000000111100000
0000000000000000011111000000
0000000000000000011111110000
0000000000000000000001110000
0000000000000000000000110000
0000000000000110000000110000
0000000000000111000000110000
0000000000000111000001110000
0000000000000011111111100000
0000000000000001111111000000
0000000000000000011100000000
0000000000000000000000000000
0000000000000000000000000000
0000000000000000000000000000
