0000000000000000000000000000
0000000000000000000000000000
0000000000000000000000000000
0000000000000000000000000000
0000000000000000000000000000
0000000000000000000000000000
0000000000000000000000000000
0000000000000000000000000000
0000000000000111000000000000
0000000000011111100000000000
0000000000011000110000000000
0000000000011000110000000000
0000000000000001110000000000
0000000000000111100000000000
0000000000000001110000000000
0000000000000000111000000000
0000000000111000111000000000
0000000000011001110000000000
0000000000011111110000000000
0000000000000111100000000000
0000000000000000000000000000
0000000000000000000000000000
0001000000000000000000000000
0000000000000000000000000000
0000000000000000000000000000
0000000000000000000000000000
0000000000000000000000000000
0000000000000000000000000000
