0000000000000000000000000000
0000000000000000000000000000
0000000000000000000000000100
0000000000010000000000000100
0000000001111110000000000100
0000000011111111000000000100
0000000011100111000000000100
0000000011000111000000000100
0000000000001111000000000100
0000000000011110000000000100
0000000000011111000000000100
0000000000000111000000000100
0000000000000011000000000100
0000000011000111000000000100
0000000011101111000000000100
0000000011111110000000000100
0000000000111100000000000100
0000000000000000000000000100
0000000000000000000000000100
0000000000000000000000000100
0000000000000000000000000100
0000000000000000000000000100
0000000000000000000000000100
0000000000000000000000000100
0000000000000000000000000100
0011111111111111111111111100
0000000000000000000000000000
0000000000000000000000000000
