0000000000000000000000000000
0000000000000000000000000000
0000000000000000000000000000
0000000000000000000000000000
0000000000000000000000000000
0010000000000000000000000000
0000000000000000000000000000
0000000000000000000000000000
0000000000001110000100000000
0000000010111111000000000000
0000000000110011100000000000
0000000001100011100000000000
0000000000000111000000000000
0000000100001111000000000000
0000000000001111100000000000
0000000000100011100000000000
0000000001100001100000000000
0000000001110011100000000000
0000000000111111000000000000
0000000000011110000000000000
0000000000101000000000000000
0000000000001000000000000000
0000000000000000000000000000
0000000000000000000000000000
0000000000000000010000000000
0000000000000000010000000000
0000000000000000000000000000
0000000000000000000000000000
