0000000000000000000000000000
0000000000000000000000000000
0000000000000011111111111100
0000000000000000000000000000
0000000000000000000000010000
0000000000000000000000000000
0000000000000000000000000000
0000000000000100000000000000
0000000000111111100000000000
0000000001111111111000000000
0000000001110000111000000000
0000000011100000111000000000
0000000011100000111000000000
0000000000000000111000000000
0000000000000111111000000000
0000000000000111110000000000
0000000000000111111000000000
0000000000000000111100000000
0000000000000000011100000000
0000000011100000011100000000
0000000011100000011100000000
0000000001110000011100000000
0000000001111111111000000000
0000000000111111110000000000
0000000000000111000000000000
0000000000000000000000000000
0000000000000000000000000000
0000000000000000000000000000
