0000000000000000000000000000
0000000000000000000000000000
0000000000000000000000000000
0000000000000000000000000000
0000000000000000000000000000
0000000000000000000000000000
0000000000001111110000000000
0000000000011111111000000000
0000000000111000111000000000
0000000000110000111000000000
0000000000000000111000000000
0000000000000001111000000000
0000000000000001111000000000
0000000000000001111000000000
0000000000000000111100000000
0000000000000000011100000000
0000000000000000011100000000
0000000000110000011100000000
0000000000111000111000000000
0000000000011111111000000000
0000000000000111100000000000
0000000000000000000000000000
0000000000000000000000000000
0000000000000000000000000000
0000000000000000000000000000
0011111111111000000000000100
0000000000000000000000000000
0000000000000000000000000000
