0000000000000000000000000000
0000000000000000000000000000
0000000000000000000000000000
0000000000000000000000000000
0000000000000000000000000000
0000000000001111100000000000
0000000000011111110000000000
0000000000111101111000000000
0000000000110000011000000000
0000000000110000011000000000
0000000000110000011000000000
0000000000000001111000000000
0000000000000111110000000000
0000000000000111111000000000
0000000000000000011100000000
0000000000100000011100000000
0000000001110000001100000000
0000000001110000011100000000
0000000000111000111100000000
0000000000111111111000000000
0000000000001111100000000000
0000000000000000000000000000
0000000000000000000000000000
0000000000000000000000000000
0000000000000000000000000000
0000000000000000000000000000
0000000000000000000000000000
0000000000000000000000000000
