0000000000000000000000000000
0000000000000000000000000000
0000000000000000000000000000
0000000000000000000000000000
0000000000000100000000000000
0000000000111111100000000000
0000000000111111100000000000
0000000001110011110000000000
0000000001110001110000000000
0000000000000011110000000000
0000000000001111100000000000
0000000000001111110000000000
0000000000000011110000000000
0000000001110001110001000000
0000000001110001110000000000
0000000001111011110000000000
0000000000111111100000000000
0000000000011111000000000000
0000000000000000000000000000
0010000000000000000000000000
0000000000000000000000000000
0000000000000000000000000000
0000000000000000000000000000
0000000000000000011000000000
0000000000000000000000000000
0000000000000000000000000000
0000000000000000000000000000
0000000000000000000000000000
