0000000000000000000000000000
0000000000000000000000000000
0000000000000000000000000000
0000000000000000000000000000
0000000000000000000100000000
0000000000000100000000000000
0000000000111111000000000000
0000000000111111100000000000
0000000001110011100000000000
0000000001110001100000000000
0000000000000011100000000000
0000000000001111000000000000
0000000000001111100000000000
0000000000000001110000000000
0000000001110001110000000000
0000000001110001110000000000
0000000000111111100000000000
0000000000111111000000000000
0000000000000000000000000000
0000000000000000000000000000
0000000000000000000000000000
0000000000000000000000000000
0000000000000000000000000000
0000000000000000000000000000
0000000000000000000000000000
0011111111111111111111111100
0000000000000000000000000000
0000000000000000000000000000
