0000000000000000000000000000
0000000000000000000000000000
0000011000000000000000000000
0000011000000000000000000000
0000011000000000000000000000
0000011000000000000000000000
0000011000000000011111100000
0000011000000000111111111000
0000011000000000110000111000
0000011000000001110000011000
0000011000000001110000011000
0000011000000000000000011000
0000011000000000000011110000
0000011000000000000111110000
0000011000000000000111111000
0000011000000000000000011100
0000011000000000000000011100
0000011000000001100000011100
0000011000000001100000011100
0000011000000001110000111000
0000011000000000111111110000
0000011000000000011111100000
0000011000000000000000000000
0000011000000000000000000000
0000011000000000000000000000
0000011000000000000000000000
0000000000000000000000000000
0000000000000000000000000000
