0000000000000000000000000000
0000000000000000000000000000
0000000000000000000000000000
0000000000000000000000000000
0000000000000000000000000000
0000000000000000000000000000
0000000000000000000000011000
0000000000000000000000011000
0000000000000000000000111000
0000000000000000000001011000
0000000000000000000000011000
0000000000000000000010011000
0000000000000000000100011000
0000000000000000001000011000
0000000000000000001000011100
0000000000000000011111111110
0000000000000000011111111110
0000000000000000000000011100
0000000000000000000000011000
0000000000000000000000011000
0000000000000000000000001000
0000000000000000000000000000
0000000000000000000000000000
0000000000000000000000000000
0000000000000000000000000000
0000000000000000000000000000
0000000000000000000000000000
0000000000000000000000000000
