0000000000000000000000000000
0000000000000000000000000000
0000000000000000000000000000
0000000000000000000000000000
0000000000000000000000000000
0000000000000000000000000000
0000000000000000000000000000
0000000000000000000000000000
0000000000000000000000000000
0000000000000000000000000000
0000000000000000000000000000
0000000000000000000000000000
0000000000000000000000000000
0000000000000000001100000000
0000000000000000011100000000
0000000000000000111100000000
0000000000000000111100000000
0000000000000001111100000000
0000000000000011101100000000
0000000000000111001100000000
0000000000001110001100000000
0000000000001110001110000000
0000000000011111111111000000
0000000000011111111111000000
0000000000000000001100000000
0000000000000000001100000000
0000000000000000001100000000
0000000000000000000100000000
