0000000000000000000000000000
0000000000000000000000000000
0000000000000000000000000000
0000000000000000000000000000
0000000000000000000000000000
0000000000000000000000000000
0000000000000000000000000000
0000000000000000000000000000
0000000000000000000000000000
0000000000000000000000000000
0000000000000000000000000000
0000000000000000000000000000
0000000000000111000000000000
0000000000001111000000000000
0000000000001111000000000000
0000000000011111000000000000
0000000000111111000000000000
0000000001110111000000000000
0000000001100111000000000000
0000000011100111000000000000
0000000111000111000000000000
0000000111111111110000000000
0000000111111111110000000000
0000000000000111100000000000
0000000000000111000000000000
0000000000000111000000000000
0000000000000011000000000000
0000000000000000000000000000
