0000000000000000000000000000
0000000000000000100000000000
0000000000000001110000000000
0000000000000011110000000000
0000000000000111110000000000
0000000000000111110000000000
0000000000001111110000000000
0000000000011111110000000000
0000000000011101110000000000
0000000000111001110000000000
0000000001110001110000000000
0000000011110001110000000000
0000000011110001110000000000
0000000111111111111100000000
0000000111111111111100000000
0000000111111111111100000000
0000000000000001111000000000
0000000000000001110000000000
0000000000000001110000000000
0000000000000001110000000000
0000000000000001110000000000
0000000000000000110000000000
0000000000000000000000000000
0000000000000000000000000000
0000000000000000000000000000
0000000000000000000000000000
0000000000000000000000000000
0000000000000000000000000000
