0000000000000000000000000000
0000000000000000000000000000
0000000000000010000000000000
0000000000000110000000000000
0000000000001110000000000000
0000000000001110000000000000
0000000000001010000000000000
0000000000011010000000000000
0000000000011010000000000000
0000000000110010000000000000
0000000000100010000000000000
0000000000100010000000000000
0000000001111111100000000000
0000000001010011000000000000
0000000000000010000000000000
0000000000000010000000000000
0000000000000010000000000000
0000000000000000000000000000
0000000000000000000000000000
0000000000000000000000000000
0000000000000000000000000000
0000000000000000000000000000
0000000000000000000000000000
0000000000000000000000000000
0000000000000000000000000000
0000000000000000000000000000
0000000000000000000000000000
0000000000000000000000000000
