0000000000000000000000000000
0000000000000000000000000000
0000000000000000000000000000
0000000000000000000000000000
0000000000000000110000000000
0000000000000001110000000000
0000000000000001110000000000
0000000000000011110000000000
0000000000000110110000000000
0000000000000100110000000000
0000000000001100110000000000
0000000000001000110000000000
0000000000001001111000000000
0000000000011111111100000000
0000000000001111111100000000
0000000000000000110000000000
0000000000000000110000000000
0000000000000011111100000000
0000000000000000000000000000
0000000000000000000000000000
0000000000000000000000000000
0000000000000000000000000000
0000000000000000000000000000
0000000000000000000000000000
0000000000000000000000000000
0000000000000000000000000000
0000000000000000000000000000
0000000000000000000000000000
