0000000000000000000000000000
0000000000000000000000000000
0000000000000000000000000000
0000000000000000000000000000
0000000000000000000000000000
0000000000000000000000000000
0000000000000000000000000000
0000001110000000000000000000
0000011110000000000000000000
0000111110000000000000000000
0000111110000000000000000000
0001110110000000000000000000
0011100110000000000000000000
0111001110000000000000000000
0111111111100000000000000000
0000001110000000000000000000
0000000110000000000000000000
0000000110000000000000000000
0000000000000000000000000000
0000000000000000000000000000
0000000000000000000000000000
0000000000000000000000000000
0000000000000000000000000000
0000000000000000000000000000
0000000000000000000000000000
0000000000000000000000000000
0000000000000000000000000000
0000000000000000000000000000
