0000000000000000000000000000
0000000000000000000000000000
0000000000000000000000000000
0000000000000000001110000000
0000000000000000011110000000
0000000000000000111110000000
0000000000000001111110000000
0000000000000001111110000000
0000000000000011011110000000
0000000000000011001110000000
0000000000000110011110000000
0000000000000110011110000000
0000000000000100001110000000
0000000000001111111111100000
0000000000001111111111100000
0000000000001111111111100000
0000000000000000011110000000
0000000000000000011110000000
0000000000000000011111000000
0000000000000001111111100000
0000000000000000000000000000
0000000000000000000000000000
0000000000000000000000000000
0000000000000000000000000000
0000000000000000000000000000
0000000000000000000000000000
0000000000000000000000000000
0000000000000000000000000000
