0000000000000000000000000000
0000000000000000000000000000
0000000000000000000000000000
0000000000000000000000000000
0000000000000000000000000000
0000000000000000000000000000
0000000000000000000000000000
0000000000000000000000000000
0000000000000000000000000000
0000000000000000000000000000
0000000000000000000100000000
0000000000000000001110000000
0000000000000000011110000000
0000000000000000111110000000
0000000000000000101110000000
0000000000000001001110000000
0000000000000011001110000000
0000000000000110001110000000
0000000000001100001110000000
0000000000001100001110000000
0000000000011111111111000000
0000000000011111111111000000
0000000000000000001110000000
0000000000000000001110000000
0000000000000000001110000000
0000000000000000000000000000
0000000000000000000000000000
0000000000000000000000000000
