0000000000000000000000000000
0000000000000000000000000000
0000000000000000000000000000
0000000000000000000000000000
0000000000000000000000000000
0000000000000000000000000000
0000000000000000000000000000
0000000000000000000000000000
0000000000000000000000000000
0000000000000000000000000000
0000001100000000000000000000
0000011100000000000000000000
0000111100000000000000000000
0001111100000000000000000000
0001111100000000000000000000
0011001100000000000000000000
0111001100000000000000000000
1111111111000000000000000000
1111111111000000000000000000
0000001100000000000000000000
0000001100000000000000000000
0000001100000000000000000000
0000000000000000000000000000
0000000000000000000000000000
0000000000000000000000000000
0000000000000000000000000000
0000000000000000000000000000
0000000000000000000000000000
