0000000000000000000000000000
0000000000000000000000000000
0000000000000000000000000000
0000000000000000000000000000
0000000000000000000000000000
0000000000000000000000000000
0000000000000000000000000000
0000000000000000000000000000
0000000000000000000000000000
0000000000000000000000000000
0000000000001111000000000000
0000000000011111000000000000
0000000000111110000000000000
0000000001111111000000000000
0000000001100110000000000000
0000000011000111000000000000
0000000110000111000000000000
0000001111111111100000000000
0000001111111111100000000000
0000000000000111000000000000
0000000000000110000000000000
0000000000000110000000000000
0000000000000000000000000000
0000000000000000000000000000
0000000000000000000000000000
0000000000000000000000000000
0000000000000000000000000000
0000000000000000000000000000
