0000000000000000000000111000
0000000000000000000000111000
0000000000000000000001111000
0000000000000000000011111000
0000000000000000000111111000
0000000000000000000111111000
0000000000000000001110111000
0000000000000000011100111000
0000000000000000011100111000
0000000000000000111000111000
0000000000000001110000111000
0000000000000011110000111000
0000000000000011111111111110
0000000000000011111111111111
0000000000000011111111111111
0000000000000000000000111100
0000000000000000000000111000
0000000000000000000000111000
0000000000000000000000111000
0000000000000000000000111000
0000000000000000000000000000
0000000000000000000000000000
0000000000000000000000000000
0000000000000000000000000000
0000000000000000000000000000
0000000000000000000000000000
0000000000000000000000000000
0000000000000000000000000000
