0000000000000000000000000000
0000000000000000000000000000
0000000000000000000000001100
0000000000000000000000001100
0000000000000000000000001100
0000000000000111000000001100
0000000000001111100000001100
0000000000011111110000001100
0000000000011111100000001100
0000000000111111110000001100
0000000001111111110000001100
0000000001111111110000001100
0000000011111111110000001100
0000000011111111110000001100
0000000011111111110000001100
0000000011111111110000001100
0000000000111111110000001100
0000000000000111110000001100
0000000000000011100000001100
0000000000000000000000001100
0000000000000000000000001100
0000000000000000000000001100
0000000000000000000000001100
0000000000000000000000001100
0000000000000000000000001100
0010010000000111110000011100
0000000000000000000000000000
0000000000000000000000000000
