0000000000000000000000000000
0000000000000000000000000000
0000000000000000000000000000
0000000000000000000000000000
0000000000000000000000000000
0000000000000000000000000000
0000000000000011100000000000
0000000000000111100000000000
0000000000001111000000000000
0000000000001111100000000000
0000000000011011000000000000
0000000000110011100000000000
0000000000110011000000000000
0000000001100011000000000000
0000000011000011000000000000
0000000011000011000000000000
0000000111111111111000000000
0000000111111111111000000000
0000000000000011000000000000
0000000000000011000000000000
0000000000000011000000000000
0000000000000011000000000000
0000000000000000000000000000
0000000000000000000000000000
0000000000000000000000000000
0000000000000000000000000000
0000000000000000000000000000
0000000000000000000000000000
