0000000000000000000000000000
0000000000000000000000000000
0010000000000000000000000000
0010000000000000000000000000
0010000000000000000000000000
0010000000000000001100000000
0010000000000000011100000000
0010000000000000111100000000
0010000000000001111100000000
0010000000000001101100000000
0010000000000011101100000000
0010000000000111001100000000
0010000000001110001100000000
0010000000001100001100000000
0010000000011100001100000000
0010000000111111111111100000
0010000000111111111111100000
0010000000011000001100000000
0010000000000000001100000000
0010000000000000001100000000
0010000000000000001100000000
0010000000000000000000000000
0010000000000000000000000000
0010000000000000000000000000
0010000000000000000000000000
0010000000000000000000000000
0000000000000000000000000000
0000000000000000000000000000
