0000000000000000000000000000
0000000000000000000000000000
0011111111111111111111111100
0011111111111111111111111100
0010000000000000000000001100
0010000000000000000000000100
0010000000000000000000000100
0010000000000001100000000100
0000000000000111110000000100
0000000000000111110000000100
0000000000001111110000000100
0000000000001111111000000100
0000000000011111111000000100
0000000000111111111000000100
0000000000111111111000000100
0000000000111111111000000100
0000000001111111111000000100
0000000000111111111000000100
0000000000011111111000000100
0000000000000011111000000100
0000000000000001110000000100
0000000000000000000000000100
0000000000000000000000000100
0000000000000000000000000100
0000000000000000000000000100
0000000000000000000000000100
0000000000000000000000000000
0000000000000000000000000000
