0000000000000000000000000000
0000000000000000000000000000
0000000000000000000000000100
0000000000000000000000000100
0000000000000000000000000100
0000000000000111100000000100
0000000000001111110000000100
0000000000001111110000000100
0000000000011111110000000100
0000000000011111110000000100
0000000000111111110000000100
0000000001111111110000000100
0000000001111111111000000100
0000000001111111111000000100
0000000001111111111000000100
0000000000111111110000000100
0000000000001111110000000100
0000000000000011110000000100
0000000000000000000000000100
0000000000000000000000000100
0000000000000000000000000100
0000000000000000000000000100
0000000000000000000000000100
0000000000000000000000000100
0000000000000000000000001100
0011010000001111111010011100
0000000000000000000000000000
0000000000000000000000000000
