0000000000000000000000000000
0000000000000000000000000000
0000000000011100000000011000
0000000000011100000000011000
0000000000111100000000011000
0000000001111100000000001000
0000000001111100000000001000
0000000011011100000000001000
0000000110011100000000001100
0000000110011100000000001100
0000001100011100000000001100
0000011000011100000000001100
0000011000011100000000001100
0000111111111111000000001100
0000011111111111000000001100
0000000000001100000000001100
0000000000001100000000001100
0000000000001100000000001100
0000000000001100000000001100
0000000000000000000000001100
0000000000000000000000001100
0000000000000000000000001100
0000000000000000000000001100
0000000000000000000000001100
0011110011111111111111011100
0000000000000000000000001100
0000000000000000000000000000
0000000000000000000000000000
