0000000000000000000000000000
0000000000000000000000000000
0000000000000000000000000000
0000000000000000000000000000
0000000000000000000000000000
0000000000000000000000000000
0000000000000000000000000000
0000000000000000000000000000
0000000000000000000111111100
0000000000000000001100000000
0000000000000000001100000000
0000000000000000011111100000
0000000000000000001111110000
0000000000000000000000111100
0000000000000000000000011100
0000000000000000000000001100
0000000000000000000000001100
0000000000000000000000011000
0000000000000000111111110000
0000000000000000011111000000
0000000000000000000000000000
0000000000000000000000000000
0000000000000000000000000000
0000000000000000000000000000
0000000000000000000000000000
0000000000000000000000000000
0000000000000000000000000000
0000000000000000000000000000
