0000000000000000000000000000
0000000000000000000000000000
0000000000000000000000000000
0000000000000000000000000000
0000000000000000000000000000
0000000000000000000000000000
0000000000000000000000000000
0000000000000000000000000000
0000000000000000000000000000
0000000000000000000000000000
0000000000000000001000000000
0000000000000000011111000000
0000000000000000011110000000
0000000000000000110000000000
0000000000000000111100000000
0000000000000000111110000000
0000000000000000000110000000
0000000000000000000011000000
0000000000000000000011000000
0000000000000000000011000000
0000000000000000000011000000
0000000000000000100010000000
0000000000000001110100000000
0000000000000000111000000000
0000000000000000000000000000
0000000000000000000000000000
0000000000000000000000000000
0000000000000000000000000000
