0000000000000000000000000000
0000000000000000000000000000
0000000000000000000000000000
0000000000000000000000000000
0000000000000000000000000000
0000000000000000000000000000
0000000000000000000000000000
0000000000000000000000000000
0000000000000000000000000000
0000000000000000000000000000
0000000000000000000000000000
0000000000000000000000000000
0000000100110000000000000000
0000011111111100000000000000
0000011111111100000000000000
0000011100000000000000000000
0000011100000000000000000000
0000011100000000000000000000
0000011111100000000000000000
0000001111111000000000000000
0000000000111100000000000000
0000000000011100000000000000
0000000000011100000000000000
0000000000011100000000000000
0000000000011100000000000000
0000011111111100000000000000
0000011111110000000000000000
0000000100000000000000000000
