0000000000000000000000000000
0000000000000000000000000000
0000000000000000000000000000
0000000000000000000000000000
0000000000000000000000000000
0000000000000000000000000000
0000000000000000000000000000
0000000000000000000000000000
0000000000000000000000000000
0000000000000000000000000000
0000000000000000000000000000
0000000000000000000000000000
0000000000000000000111111000
0000000000000000000111110000
0000000000000000001000000000
0000000000000000001000000000
0000000000000000011100000000
0000000000000000011111000000
0000000000000000011111100000
0000000000000000000011110000
0000000000000000000000111000
0000000000000000000000111000
0000000000000000000000011000
0000000000000000000000011000
0000000000000000000000011000
0000000000000000000000110000
0000000000000000000000100000
0000000000000000111111000000
