0000000000000000000000000000
0000000000000000000000000000
0000000000000000000000000000
0000000000000000000000000000
0000000000000000000000000000
0000000000011111100000000000
0000000000011111100000000000
0000000000111111000000000000
0000000000110000000000000000
0000000000110100000000000000
0000000000111111000000000000
0000000000110011100000000000
0000000000100000100000000000
0000000000000000110000000000
0000000000000000110000000000
0000000000100000110000000000
0000000000100001100000000000
0000000000111111100000000000
0000000000011111000000000000
0000000000000000000000000000
0000000000000000000000000000
0000000000000000000000000000
0000000000000000000000000000
0000000000000000000000000000
0000000000000000000000000000
0000000000000000000000000000
0000000000000000000000000000
0000000000000000000000000000
