0000000000000000000000000000
0000000000000000000000000000
0000000000000000000000000000
0000000000000000000000000000
0000000000000000000000000000
0000000000000000000000000000
0000000000000000000000000000
0000000000000011111110000000
0000000000000111111111000000
0000000000000111111110000000
0000000000000111000000000000
0000000000000110000000000000
0000000000000111000000000000
0000000000000111111000000000
0000000000000111111110000000
0000000000000000011111000000
0000000000000000000111100000
0000000000000000000111100000
0000000000000000000111100000
0000000000000000000111000000
0000000000000110011111000000
0000000000000111111110000000
0000000000000000000000000000
0000000000000000000000000000
0000000000000000000000000000
0000000000000000000000000000
0000000000000000000000000000
0000000000000000000000000000
