0000000000000000000000000000
0000000000000000000000000000
0000000000000000000000000000
0000000000000000000000000000
0000000000000000000000000000
0000000011111100000000000000
0000000111111110000000000000
0000000111111100000000000000
0000001111110000000000000000
0000001111000000000000000000
0000001111100000000000000000
0000001111111100000000000000
0000011111111110000000000000
0000011111111110000000000000
0000001110011111000000000000
0000000000001111000000000000
0000000000001111000000000000
0000000000001111000000000000
0000000100001111000000000000
0000001111011110000000000000
0000001111111110000000000000
0000001111111110000000000000
0000000111111100000000000000
0000000001110000000000000000
0000000000000000000000000000
0000000000000000000000000000
0000000000000000000000000000
0000000000000000000000000000
