0000000000000000000000000000
0000000000000000000000000000
0000000000000000000000000000
0000000000000000000000000000
0000000000000000000000000000
0000000000000000000000000000
0000000000000000000000000000
0000000000000000000000000000
0000000000000000000000000000
0000000000000000000000000000
0000000000000000000000000000
0000000000000000000000000000
0000000000000000000000000000
0000000000000000000000000000
0000000000000000000000000000
0000000000000111110000000000
0000000000001111110000000000
0000000000001111110000000000
0000000000001100110000000000
0000000000001100000000000000
0000000000001111110000000000
0000000000001110110000000000
0000000000000000011000000000
0000000000001100011000000000
0000000000001100111000000000
0000000000001111110000000000
0000000000000111100000000000
0000000000000000000000000000
