0000000000000000000000000000
0000000000000000000000000000
0000000000000000000000000000
0000000000000000000000000000
0000000000000000000000000000
0000000000000000000000000000
0000000000000000000000000000
0000000000000000000000000000
0000000000000000000000000000
0000000000000000000000000000
0000000000000000000000000000
0000000001111111100000000000
0000000001111111100000000000
0000000001100000000000000000
0000000011100000000000000000
0000000011100000000000000000
0000000011111110000000000000
0000000011111111100000000000
0000000011000011100000000000
0000000000000001110000000000
0000000000000001110000000000
0000000000000001110000000000
0000000011000001110000000000
0000000111000001100000000000
0000000011111111100000000000
0000000001111111000000000000
0000000000011100000000000000
0000000000000000000000000000
