0000000000000000000000000000
0000000000000000000000000000
0000000000000000000000000000
0000000000000000000000000000
0000000000000000000000000000
0000011111111110000000000000
0000111111111110000000000000
0000111000000000000000000000
0000111000000000000000000000
0000111000000000000000000000
0000111000000000000000000000
0001111000000000000000000000
0000111111110000000000000000
0000111111111100000000000000
0000111111111110000000000000
0000111001111110000000000000
0000000000011110000000000000
0000000000001110000000000000
0000000000001110000000000000
0000000000001110000000000000
0000000000011110000000000000
0000010000111110000000000000
0000110001111110000000000000
0000111111111110000000000000
0000111111111000000000000000
0000000000000000000000000000
0000000000000000000000000000
0000000000000000000000000000
