0000000000000000000000000000
0000000000000000000000000000
0000000000000000000000000000
0000000000000000000000000000
0000000000000000000000000000
0000000000000000000000000000
0000000000000000000000000000
0000000000000000000000000000
0000000000000000000000000000
0000000000000000000000000000
0000000000000000000000000000
0000000000000000000000000000
0000000000000000000000000000
0000000111111110000000000000
0000000111111111000000000000
0000000111111111000000000000
0000000111111110000000000000
0000000111000000000000000000
0000000111001100000000000000
0000000111111111000000000000
0000000111111111000000000000
0000000111101111100000000000
0000000000000111100000000000
0000000000000111100000000000
0000000111000111100000000000
0000000111101111000000000000
0000000111111111000000000000
0000000011111110000000000000
