0000000000000000000000000000
0000000000000000000000000000
0000000000000000000000000000
0000000000000000000000000000
0000000000000000000000000000
0000000000000000000000000000
0000000000000011111111100000
0000000000000011111111100000
0000000000000011111111100000
0000000000000011100000000000
0000000000000011100000000000
0000000000000011111111100000
0000000000000011111111110000
0000000000000011110011110000
0000000000000000000011110000
0000000000000000000011110000
0000000000000111110011110000
0000000000000011111111100000
0000000000000001111111100000
0000000000000000011110000000
0000000000000000000000000000
0000000000000000000000000000
0000000000000000000000000000
0000000000000000000000000000
0000000000000000000000000000
0000000000000000000000000000
0000000000000000000000000000
0000000000000000000000000000
