0000000000000000000000000000
0000000000000000000000000000
0000000000000000000000000000
0000000000000000000000000000
0000000000000000000000000000
0000000000000000000000000000
0000000000000000000000000000
0000000000000000000000000000
0000000000000000000000000000
0000000000000000000000000000
0000000011111111100000000000
0000000111111111100000000000
0000000111111111100000000000
0000000111100000000000000000
0000000111100000000000000000
0000000111111111100000000000
0000000111111111110000000000
0000000111110111110000000000
0000000000000011110000000000
0000000000000011110000000000
0000000111100011110000000000
0000000111111111110000000000
0000000011111111100000000000
0000000000011110000000000000
0000000000000000000000000000
0000000000000000000000000000
0000000000000000000000000000
0000000000000000000000000000
