0000000000000000000000000000
0000000000000000000000000000
0000000000000000000000000000
0000000000000000000000000000
0000000000000000000000000000
0000000000000000000000000000
0000000000000000111111111000
0000000000000001111111111100
0000000000000001111011110000
0000000000000001110000000000
0000000000000001110000000000
0000000000000011111111100000
0000000000000011111111111000
0000000000000011111111111100
0000000000000011100000111100
0000000000000000000000011110
0000000000000000000000011110
0000000000000011000000011110
0000000000000111100000011100
0000000000000011110001111100
0000000000000001111111111000
0000000000000000111111100000
0000000000000000000000000000
0000000000000000000000000000
0000000000000000000000000000
0000000000000000000000000000
0000000000000000000000000000
0000000000000000000000000000
