0000000000000000000000000000
0000000000000000000000000000
0000000000000000000000000000
0000000000000000000000000000
0000000000000000000000000000
0000000000000000000000000000
0000000000000000000000000000
0000000000000000000000000000
0000000111110000000000000000
0000000111110000000000000000
0000001100000000000000000000
0000001100000000000000000000
0000001111100000000000000000
0000001100010000000000000000
0000001000011000000000000000
0000000000011000000000000000
0000000000011000000000000000
0000001000011000000000000000
0000001100011000000000000000
0000001111110000000000000000
0000000111110000000000000000
0000000000000000000000000000
0000000000000000000000000000
0000000000000000000000000000
0000000000000000000000000000
0000000000000000000000000000
0000000000000000000000000000
0000000000000000000000000000
