0000000000000000000000000000
0000000000000000000000000000
0000000000000000000000000000
0000000000000000000000000000
0000000000000000000000000000
0000000000000000000000000000
0000000000000000000000000000
0000000000000000000000000000
0000000000000000000000000000
0000000000000000000000000000
0000000000000000000000000000
0000000000000000000000000000
0000000000000000000000000000
0000000001111111110000000000
0000000001111111110000000000
0000000001100000000000000000
0000000011100000000000000000
0000000011100000000000000000
0000000011111111100000000000
0000000011111111110000000000
0000000011100000111000000000
0000000000000000011000000000
0000000000000000011100000000
0000000011000000011000000000
0000000111100000111000000000
0000000011111011110000000000
0000000001111111110000000000
0000000000001110000000000000
