0000000000000000000000000000
0000000000000000000000000000
0000000000000000000000000000
0000000000000000000000000000
0000000000000000000000000000
0000000000000000000000000000
0000000000000000000000000000
0000000000000000000000000000
0000000000000000000000000000
0000000000000000000000000000
0000000000000000000000000000
0000000000000000000000000000
0000000000000000000000000000
0000000000000000000000000000
0000000000000000000111111000
0000000000000000001100000000
0000000000000000001100000000
0000000000000000011111000000
0000000000000000001111100000
0000000000000000000001110000
0000000000000000000000111000
0000000000000000000000011000
0000000000000000000000011000
0000000000000000000000110000
0000000000000000111111100000
0000000000000000001100000000
0000000000000000000000000000
0000000000000000000000000000
