0000000000000000000000000000
0000000000000000000000000000
0000000000000000000000000000
0000000000000000000000000000
0000000000000000000000000000
0000000000000000000000000000
0000000000000000000000000000
0000000000000000000000000000
0000000000000000000000000000
0000000000000000000000000000
0000000000000001111100000000
0000000000000011111100000000
0000000000000011100000000000
0000000000000011110000000000
0000000000000011111100000000
0000000000000011111100000000
0000000000000000001110000000
0000000000000000001110000000
0000000000000001001110000000
0000000000000011111100000000
0000000000000001111000000000
0000000000000000000000000000
0000000000000000000000000000
0000000000000000000000000000
0000000000000000000000000000
0000000000000000000000000000
0000000000000000000000000000
0000000000000000000000000000
