0000000000000000000000000000
0000000000000000000000000000
0000000000000000000000000000
0000000000000000000000000000
0000000000000000000000000000
0000000000000000000000000000
0000000000000000000000000000
0000000000000000000000000000
0000000000000000000000000000
0000000000000000000000000000
0000000000000000000000000000
0000000000000000000000000000
0000000011111110000000000000
0000000111111110000000000000
0000000111111110000000000000
0000000111111110000000000000
0000000111000000000000000000
0000000111000000000000000000
0000000111011110000000000000
0000000111111110000000000000
0000000111111111000000000000
0000000111101111000000000000
0000000000001111000000000000
0000000000000111000000000000
0000000111001111000000000000
0000000111101111000000000000
0000000111111111000000000000
0000000011111110000000000000
