0000000000000000000000000000
0000000000000000000000000000
0000000000000000000000000000
0000000001111111000000000000
0000000001111111000000000000
0000000001100000000000000000
0000000001000000000000000000
0000000001000000000000000000
0000000001011000000000000000
0000000011111110000000000000
0000000011111111000000000000
0000000011000011000000000000
0000000000000011100000000000
0000000000000001100000000000
0000000000000001100000000000
0000000011000001100000000000
0000000011000011000000000000
0000000011100111000000000000
0000000001111110000000000000
0000000000111100000000000000
0000000000000000000000000000
0000000000000000000000000000
0000000000000000000000000000
0000000000000000000000000000
0000000000000000000000000000
0000000000000000000000000000
0000000000000000000000000000
0000000000000000000000000000
