0000000000000000111111111100
0000000000000001111111111100
0000000000000001111111111100
0000000000000001110000000000
0000000000000001110000000000
0000000000000001110000000000
0000000000000011110000000000
0000000000000011111111110000
0000000000000011111111111000
0000000000000011111111111100
0000000000000011100000011110
0000000000000000000000001110
0000000000000000000000001110
0000000000000000000000001110
0000000000000011000000001110
0000000000000111100000011110
0000000000000111100000011110
0000000000000011111001111100
0000000000000001111111111000
0000000000000000111111110000
0000000000000000000000000000
0000000000000000000000000000
0000000000000000000000000000
0000000000000000000000000000
0000000000000000000000000000
0000000000000000000000000000
0000000000000000000000000000
0000000000000000000000000000
