0000000000000000000000000000
0000000011111111100000000000
0000000011111111110000000000
0000000011100000000000000000
0000000011000000000000000000
0000000111000000000000000000
0000000111000000000000000000
0000000111000000000000000000
0000000111111110000000000000
0000000111111111000000000000
0000001111101111100000000000
0000000110000011110000000000
0000000000000001110000000000
0000000000000001110000000000
0000000000000000110000000000
0000000000000001110000000000
0000001110000001110000000000
0000001110000001110000000000
0000001111000011110000000000
0000000111111111100000000000
0000000011111111000000000000
0000000001111110000000000000
0000000000000000000000000000
0000000000000000000000000000
0000000000000000000000000000
0000000000000000000000000000
0000000000000000000000000000
0000000000000000000000000000
