0000000000000000000000000000
0000000000000000000000000000
0000000000000000000000000000
0000000000000000000000000000
0000000000000000000000000000
0000000000000000000000000000
0000000000000000000000000000
0000000000000000011010000000
0000000000000001111111100000
0000000000000011111111100000
0000000000000011100100000000
0000000000000011100000000000
0000000000000011000000000000
0000000000000011000000000000
0000000000000011111110000000
0000000000000011111111000000
0000000000000011111111100000
0000000000000011000011100000
0000000000000000000001100000
0000000000000000000001110000
0000000000000000000001110000
0000000000000110000001100000
0000000000000111000001100000
0000000000000111000011100000
0000000000000011111111100000
0000000000000011111111000000
0000000000000000111100000000
0000000000000000000000000000
