0000000000000000000000000000
0000000000000000000000000000
0000000000000000000000000000
0000000000000000000000000000
0000000000000000000000000000
0000000000000000000000000000
0000000000000000000000000000
0000000000000000000000000000
0000000000000000000000000000
0000000000000000000000000000
0000000000000000000000000000
0000000000000000000000000000
0000000111111110000000000000
0000001111111110000000000000
0000001110000000000000000000
0000001110000000000000000000
0000001110000000000000000000
0000001110000000000000000000
0000001111110000000000000000
0000000111111100000000000000
0000000000111100000000000000
0000000000001110000000000000
0000000000001110000000000000
0000000000001110000000000000
0000000000001110000000000000
0000000000001110000000000000
0000000100111110000000000000
0000001111111100000000000000
