0000000000000000000000000000
0000000000000000000000000000
0000000000000000000000000000
0000000000000000000000000000
0000000000000000000000000000
0000000000000000000000000000
0000000000000000000000000000
0000000000000000000000000000
0000000000000000000000000000
0000000000000000000000000000
0000000000000000111111100000
0000000000000000111111100000
0000000000000000100000000000
0000000000000001100000000000
0000000000000001100000000000
0000000000000001111111000000
0000000000000001111111100000
0000000000000001100001100000
0000000000000000000001110000
0000000000000000000000110000
0000000000000001100001110000
0000000000000001100001100000
0000000000000001111111100000
0000000000000000111110000000
0000000000000000000000000000
0000000000000000000000000000
0000000000000000000000000000
0000000000000000000000000000
