0000000000000000000000000000
0000000000000000000000000000
0010000000000000000000000000
0010000000000000000000000000
0010000000000000000000000000
0010000000000000111100000000
0000000000001111111100000000
0000000000001111111100000000
0000000000001100000000000000
0000000000001100000000000000
0000000000001111100000000000
0000000000001111111000000000
0000000000011110111100000000
0000000000011000001100000000
0000000000000000001110000000
0000000000000000001110000000
0000000000011000001100000000
0000000000011100001100000000
0000000000011111111100000000
0000000000001111111000000000
0000000000000011100000000000
0000000000000000000000000000
0000000000000000000000000000
0000000000000000000000000000
0000000000000000000000000000
0011111111111111111111111100
0000000000000000000000000000
0000000000000000000000000000
