0000000000000000000000000000
0000000000000000000000000000
0000000000000000000000000000
0000000000000000000000000000
0000000000000000000000000000
0000000000000000000000000000
0000000000000000000000000000
0000000000000000000000000000
0000000000001111110000000000
0000000000011111110000000000
0000000000011100000000000000
0000100001011000000000000000
0000000000011111100000000000
0000000000011111110000000000
0001100000001000110000000000
0000000000000000110000000000
0000000000111000111000000000
0000000000011001110000000000
0000000000011111100000000000
0000000000001111000000000000
0010000000000000000000000000
0001000000000000000000000000
0000000000000000000100000000
0000000010000010000001000000
0010001111100011000001011000
0000000000000011000000101000
0000000000000000000000000000
0000000000000000000000000000
