0000000000000000000000000000
0000000000000000000000000000
0000000000000000000000000000
0000000000000000000000000000
0000000000000000000000000000
0000000000000000000000000000
0000000000000000000000000000
0000000000000000000000000000
0000000000011111111100000000
0000000000011111111100000000
0000000000011111111000000000
0000000000011000000000000000
0000000000011000000000000000
0000000000011011100000000000
0000000000011111111000000000
0000000000111111111100000000
0000000000111000011100000000
0000000000000000001110000000
0000000000000000001110000000
0000000000000000001110000000
0000000000111000001110000000
0000000000111000011100000000
0000000000011111111100000000
0000000000001111111000000000
0000000000000000000000000000
0000000000000000000000000000
0000000000000000000000000000
0000000000000000000000000000
