0000000000000000000000000000
0000000000000000000000000000
0000000000000000000000000000
0000000000000001101000000000
0000000000000001111111000000
0000000000000001111111000000
0000000000000011100000000000
0000000000000011100000000000
0000000000000011111110000000
0000000000000011111111000000
0000000000000011100111000000
0000000000000000000111000000
0000000000000011000111000000
0000000000000111100111000000
0000000000000011111111000000
0000000000000001111110000000
0000000000000000111000000000
0000000000000000000000000000
0000000000000000000000000000
0000000000000000000000000000
0000000000000000000000000000
0000000000000000000000000000
0000000000000000000000000000
0000000000000000000000000000
0000000000000000000000000000
0011111111111111111111111100
0000000000000000000000000000
0000000000000000000000000000
