0000000000000000000000000000
0000000000000000000000000000
0010000000000000000000000000
0000000000000000000000000000
0000000000000000000000000000
0000000000001111110000000000
0000000000001111110000000000
0010000000011110000000000000
0010000000011000000000000000
0000000000011100000000000000
0000000000111111100000000000
0010000000111111111000000000
0010000000011101111100000000
0010000000000000011100000000
0010000000000000011100000000
0010000000000000011100000000
0010000000010000011100000000
0010000000011000111000000000
0010000000011111111000000000
0010000000001111100000000000
0000000000000000000000000000
0000000000000000000000000000
0000000000000000000000000000
0010000000000000000000000000
0010000000000000000000000000
0011111111111111111111111100
0000000000000000000000000000
0000000000000000000000000000
