0000000000000000000000000000
0000000000000000000000000000
0000000000000000000000000100
0000000000000000000000000100
0000000000000000000000000100
0000000000000000000000000100
0000000011111111100000000100
0000000111111111100000000100
0000000111000000000000000100
0000000111000000000000000100
0000000110000000000000000100
0000000110011000000000000100
0000000111111110000000000000
0000000111111111100000000100
0000000110000011100000000100
0000000000000001110000000000
0000000000000001110000000000
0000000000000001110000000100
0000001110000001110000000000
0000001110000011100000000000
0000000111111111100000000100
0000000011111111000000000000
0000000000111100000000000000
0000000000000000000000000000
0000000000000000000000000000
0000000000000000000000000000
0000000000000000000000000000
0000000000000000000000000000
