0000000000000000000000000000
0000000000000000000000000000
0011000010000000001111111100
0010000000000000000000000000
0010000000000000000000000000
0000000000000000000000000000
0000000000001111100000000000
0000000000011111111000000000
0000000000111111111000000000
0000000000111111110000000000
0000000000111100000000000000
0000000000111111000000000000
0000000000111111111000000000
0000000000111111111100000000
0000000000111111111100000000
0000000000000000111100000000
0000000000000000011110000000
0000000000000000011110000000
0000000000111000111100000000
0000000000111111111100000000
0000000000111111111000000000
0000000000011111110000000000
0000000000000010000000000000
0000000000000000000000000000
0010000000000000000000000000
0010000000000000000000000000
0000000000000000000000000000
0000000000000000000000000000
