0000000000000000000000000000
0000000000000000000000000000
0000100000000000000000000000
0001100000000000000000000000
0001100000000011111111000000
0001100000000011111111000000
0001100000000011000000000000
0001100000000011000000000000
0001100000000011111100000000
0001100000000011111110000000
0001100000000011000111000000
0001100000000000000111000000
0001100000000111000111000000
0001100000000111000110000000
0001100000000011111110000000
0001100000000001111100000000
0001100000000000000000000000
0001100000000000000000000000
0001100000000000000000000000
0001000000000000000000000000
0001100000000000000000000000
0001100000000000000000000000
0001100000000000000000000000
0001000000000000000000000000
0001111111111111111111000000
0001111111111111111111111100
0000000000000000000000000000
0000000000000000000000000000
