0000000000000000000000000000
0000000000000000000000000000
0000000111111111000000000000
0000000111111111000000000000
0000000111000000000000000000
0000000110000000000000000000
0000000110000000000000000000
0000000110000000000000000100
0000000111111100000000000100
0000000111111111000000000100
0000000111000111100000000100
0000000000000011100000000100
0000000000000001100000000100
0000000000000001100000000100
0000001100000001100000000100
0000001110000001100000000100
0000001110000011100000000100
0000000111111111000000000100
0000000011111110000000000000
0000000000000000000000000000
0000000000000000000000000000
0000000000000000000000000000
0000000000000000000000000000
0000000000000000000000000000
0011010000000000000000000000
0011111111111111111111111100
0000000000000000000000000000
0000000000000000000000000000
