0000000000000000000000000000
0000000000000000000000000000
0000000000000000000000000000
0000000000000000000000000000
0000000001111111100000000000
0000000001111111100000000000
0000000001111111100000000000
0000000011000000000000000000
0000000011000000000000000000
0000000011000000000000000000
0000000011111110000000000000
0000000011111111100000000000
0000000011100011110000000000
0000000011000001110000000000
0000000000000000110000000000
0000000000000000110000000000
0000000010000000110000000000
0000000110000001110000000000
0000000111000001110000000000
0000000011111111100000000000
0000000001111111000000000000
0000000000000000000000000000
0000000000000000000000000000
0000000000000000000000000000
0000000000000000000000000000
0000000000000000000000000000
0000000000000000000000000000
0000000000000000000000000000
