0000000000000000000000000000
0000000000000000000000000000
0000000000000000000000000000
0000000000000000000000000000
0000000000000000000000000000
0000000000000011100000000000
0000000000011111100000000000
0000000000111111100000000000
0000000001110000000000000000
0000000011100000000000000000
0000000011110110000000000000
0000000011111111110000000000
0000000011110001110000000000
0000000011100000111000000000
0000000011100000111000000000
0000000001100001110000000000
0000000001111111110000000000
0000000000111111100000000000
0000000000000000000000000000
0000000000000000000000000000
0000000000000000000000000000
0000000000000000000000000000
0000000000000000000000000000
0000000000000000000000000000
0000000000000000000000000000
0000000000000000000000000000
0000000000000000000000000000
0000000000000000000000000000
