0000000000000000000000000000
0000000000000000000000000000
0000000000000000000000000000
0000000000000000000000000000
0000000000000000000000000000
0000000000000000000000000000
0000000000000000000000000000
0000000000000000000000000000
0000000000000000000000000000
0000000000000001100000000000
0000000000001110000000000000
0000000000011000000000000000
0000000000111000000000000000
0000000000110110000000000000
0000000000110111100000000000
0000000001110001100000000000
0000000001100001110000000000
0000000001100001100000000000
0000000000110001100000000000
0000000000110001100000000000
0000000000011001000000000000
0000000000000000000000000000
0000000000000000000000000000
0000000000000000000000000000
0000000000000000000000000000
0000000000000000000000000000
0000000000000000000000000000
0000000000000000000000000000
