0000000000000000000000000000
0000000000000000000000000000
0000000000000000000000000000
0000000000000000000000000000
0000000000000000000000000000
0000000000000000000000000000
0000000000000000000000000000
0000000000000111100000000000
0000000000011111110000000000
0000000000111111111000000000
0000000000111000111000000000
0000000000110000011100000000
0000000001110000001000000000
0000000001110000000000000000
0000000001110111100000000000
0000000001111111110000000000
0000000001111111111000000000
0000000001111000111100000000
0000000001110000011100000000
0000000001110000011100000000
0000000001100000011100000000
0000000001100000011100000000
0000000001110000011100000000
0000000001110000011100000000
0000000000111101111000000000
0000000000011111110000000000
0000000000001111100000000000
0000000000000000000000000000
