0000000000000000000000000000
0000000000000000000000000000
0000000000000000000000000000
0000000000000000000000000000
0000000000000000000000000000
0000000000000000000000000000
0000000000000000000000000000
0000000000000000000000000000
0000000000000000000000000000
0000000000000000000000000000
0000000000000000000000000000
0000000000000000000000000000
0000000000000000111110000000
0000000000000011111111000000
0000000000000011000011000000
0000000000000111000001000000
0000000000000110000000000000
0000000000000111111110000000
0000000000000111111111000000
0000000000000111000011100000
0000000000000110000001100000
0000000000000110000001100000
0000000000000111000011100000
0000000000000011100111000000
0000000000000001111110000000
0000000000000000000000000000
0000000000000000000000000000
0000000000000000000000000000
