0000000000000000000000000000
0000000000000000000000000000
0000000000000000000000000000
0000000000000000000000000000
0000000000000000000000000000
0000000000000000000000000000
0000000000000000000000000000
0000000000000000000000000000
0000000000000011100000000000
0000000000011111110000000000
0000000001111111100000000000
0000000011110000000000000000
0000000011100000000000000000
0000000011100000000000000000
0000000111000000000000000000
0000000111111111100000000000
0000000111111111110000000000
0000000111000001111000000000
0000000111000000111000000000
0000000111000000111000000000
0000000111000000111000000000
0000000111000000111000000000
0000000011100000111000000000
0000000011111111110000000000
0000000001111111100000000000
0000000000011111000000000000
0000000000000000000000000000
0000000000000000000000000000
