0000000000000000000000000000
0000000000000000000000000000
0000000000000000000000000000
0000000000000000000000000000
0000000000000000000000000000
0000000000000000000000000000
0000000000000000000000000000
0000000000000000000000000000
0000000000000000000100000000
0000000000000000111110000000
0000000000000001110010000000
0000000000000011100000000000
0000000000000011000000000000
0000000000000011000000000000
0000000000000111111110000000
0000000000000111111111000000
0000000000000110000011000000
0000000000000110000011100000
0000000000000110000011100000
0000000000000011000011000000
0000000000000011000011000000
0000000000000001111111000000
0000000000000000111100000000
0000000000000000000000000000
0000000000000000000000000000
0000000000000000000000000000
0000000000000000000000000000
0000000000000000000000000000
