0000000000000000000000000000
0000000000000000000000000000
0000000000000000000000000000
0000000000000000000000000000
0000000000001111110000000000
0000000000111111111100000000
0000000000111100011110000000
0000000001110000001110000000
0000000011110000000000000000
0000000011100000000000000000
0000000011111111111000000000
0000000011111111111100000000
0000000011110000011110000000
0000000011110000001110000000
0000000011100000001111000000
0000000011100000001110000000
0000000011110000001110000000
0000000001111000011110000000
0000000000111111111100000000
0000000000011111110000000000
0000000000000000000000000000
0000000000000000000000000000
0000000000000000000000000000
0000000000000000000000000000
0000000000000000000000000000
0000000000000000000000000000
0000000000000000000000000000
0000000000000000000000000000
