0000000000000000000000000000
0000000000000000000000000000
0000000000000000000000000000
0000000000000000000000000000
0000000000000000000000000000
0000000000000000000000000000
0000000000000000000000000000
0000000000000000000000000000
0000000000000000000000000000
0000000000000000000000000000
0000000000000000000000000000
0000000000000000000111111000
0000000000000000011111111100
0000000000000000111100011110
0000000000000000111000001100
0000000000000001110000000000
0000000000000001111111110000
0000000000000001111111111100
0000000000000001111100011110
0000000000000001110000001110
0000000000000001110000001110
0000000000000001110000001110
0000000000000000111000001110
0000000000000000111110111100
0000000000000000011111111000
0000000000000000000011000000
0000000000000000000000000000
0000000000000000000000000000
