0000000000000000000000000000
0000000000000000000000000000
0000000000000000000000000000
0000000000000000000000000000
0000000000000000000000000000
0000000000001111100000000000
0000000000011111110000000000
0000000000111000111000000000
0000000001110000011000000000
0000000001110000011100000000
0000000001100000000000000000
0000000001100111100000000000
0000000011111111110000000000
0000000011111111111000000000
0000000011110000011100000000
0000000011110000011100000000
0000000011100000001100000000
0000000011100000001100000000
0000000001100000001100000000
0000000001110000011100000000
0000000001110000011100000000
0000000000111100111000000000
0000000000011111110000000000
0000000000001111100000000000
0000000000000000000000000000
0000000000000000000000000000
0000000000000000000000000000
0000000000000000000000000000
