0000000000000000000000000000
0000000000000000000000000000
0000000000000000000000000000
0000000000000000000000000000
0000000000000000000000000000
0000000000000000000000000000
0000000000000000000000000000
0000000000000000000000000000
0000000000000111000000000000
0000000000011111110000000000
0000000000111111111000000000
0000000001110000111000000000
0000000001110000011000000000
0000000001100000000000000000
0000000011101111100000000000
0000000011111111110000000000
0000000011111001111000000000
0000000011110000011100000000
0000000011100000011100000000
0000000011100000011100000000
0000000001100000011100000000
0000000001110000111000000000
0000000001111101111000000000
0000000000111111110000000000
0000000000001111000000000000
0000000000000000000000000000
0000000000000000000000000000
0000000000000000000000000000
