0000000000000000000000000000
0000000000000000000000000000
0000000000000000000000000000
0000000000000000000000000000
0000000000000000000000000000
0000000000000000000000000000
0000000000000000000000000000
0000000000000000000000000000
0000000000000000000000000000
0000000000000000000000000000
0000000000000000000000000000
0000011111100000000000000000
0000011101100000000000000000
0000011001100000000000000000
0000111111000000000000000000
0000111111100000000000000000
0000111111100000000000000000
0000110001110000000000000000
0000110001110000000000000000
0000011001100000000000000000
0000011111100000000000000000
0000001111000000000000000000
0000000110000000000000000000
0000000000000000000000000000
0000000000000000000000000000
0000000000000000000000000000
0000000000000000000000000000
0000000000000000000000000000
