0000000000000000000000000000
0000000000000000000000000000
0000000000000000000000000000
0000000000000000000000000000
0000000000000000000000000000
0000000000000000000000000000
0000000000000000000000000000
0000000000000000000000000000
0000000000000000000000000000
0000000000000000001100000000
0000000000000001111111100000
0000000000000011111111100000
0000000000000111100000000000
0000000000000111000000000000
0000000000001110000000000000
0000000000001110000000000000
0000000000001111111111000000
0000000000001111111111100000
0000000000001111100011110000
0000000000001110000001110000
0000000000001110000001110000
0000000000001110000001110000
0000000000001110000001110000
0000000000001111000001110000
0000000000000111100011100000
0000000000000011111111100000
0000000000000000000010000000
0000000000000000000000000000
