0000000000000000000000000000
0000000000000000000000000000
0000000000000000000000000000
0000000000000000000000000000
0000000000000000000000000000
0000000000000000000000000000
0000000000000000000000000000
0000000000000000000000000000
0000000000000000000000000000
0000000000000000000000000000
0000000000000000000000000000
0000000000000000000000000000
0000000000000000000000000000
0000000000000000000000000000
0000000000000000000000000000
0000011111100000000000000000
0000111111000000000000000000
0001110000000000000000000000
0011100000000000000000000000
0011100000000000000000000000
0011111111000000000000000000
0011111111100000000000000000
0011100011100000000000000000
0011100001110000000000000000
0011100001110000000000000000
0011100001100000000000000000
0001111111100000000000000000
0001111111000000000000000000
