0000000000000000000000000000
0000000000000000000000000000
0000000000000000000000000000
0000000000000000000000000000
0000000000000000000000000000
0000000000000000000000000000
0000000000000000000000000000
0000000000000000000000000000
0000000000000000000000000000
0000000000000000011111000000
0000000000000000111111100000
0000000000000001111111110000
0000000000000001110001110000
0000000000000001100000110000
0000000000000011100000000000
0000000000000011100000000000
0000000000000011111111000000
0000000000000011111111110000
0000000000000011111011110000
0000000000000011100001110000
0000000000000011100000111000
0000000000000011100000111000
0000000000000011100000111000
0000000000000011100000110000
0000000000000001100001110000
0000000000000001111111110000
0000000000000000111111100000
0000000000000000011111000000
