0000000000000000000000000000
0000000000000000000000000000
0000000000000000000000000000
0000000000000000000000000000
0000000000000000000000000000
0000000000000000000000000000
0000000000000000000000000000
0000000000000000000000000000
0000000000000000000000000000
0000000000000000000000000000
0000000000000000000000000000
0000000000000000000000000000
0000000000011000000000000000
0000000001111110000000000000
0000000011111110000000000000
0000000111000111000000000000
0000000110000011000000000000
0000000110000000000000000000
0000000111111100000000000000
0000000111111110000000000000
0000000111000111000000000000
0000000110000111000000000000
0000000110000011000000000000
0000000110000011000000000000
0000000110000111000000000000
0000000111001110000000000000
0000000011111110000000000000
0000000001111000000000000000
