0000000000000000000000000000
0000000000000000000000000000
0000000000000000000000000000
0000000000000000000000000000
0000000000000000000000000000
0000000000000000000000000000
0000000000000000000000000000
0000000000000000000000000000
0000000000000000000000000000
0000000011111100000000000000
0000000111111100000000000000
0000001110000000000000000000
0000001100000000000000000000
0000011100000000000000000000
0000011101111000000000000000
0000011111111100000000000000
0000011110011100000000000000
0000011100001110000000000000
0000011100001110000000000000
0000011100001110000000000000
0000011100001110000000000000
0000001110001100000000000000
0000001111111100000000000000
0000000011111000000000000000
0000000000000000000000000000
0000000000000000000000000000
0000000000000000000000000000
0000000000000000000000000000
