0000000000000000000000000000
0000000000000000000000000000
0000000000000000000000000000
0000000000000000000000000000
0000000000000000000000000000
0000000000000000000000000000
0000000000000011000000000000
0000000000011111110000000000
0000000000111101111000000000
0000000001110000011000000000
0000000001100000011000000000
0000000001100000000000000000
0000000001100111000000000000
0000000011111111110000000000
0000000011111001111000000000
0000000011110000011000000000
0000000011100000011000000000
0000000011100000011100000000
0000000001100000011000000000
0000000001100000011000000000
0000000001110000111000000000
0000000000111111110000000000
0000000000011111100000000000
0000000000000000000000000000
0000000000000000000000000000
0000000000000000000000000000
0000000000000000000000000000
0000000000000000000000000000
