0000000000000000000000000000
0000000000000000000000000000
0000000000000000000000000000
0000000000000001111100000000
0000000000000111111110000000
0000000000001111111111000000
0000000000001110000111000000
0000000000011100000011000000
0000000000011100000000000000
0000000000011001111100000000
0000000000011111111110000000
0000000000111111001111000000
0000000000111100000111000000
0000000000111100000011000000
0000000000111000000011000000
0000000000011000000111000000
0000000000011100000111000000
0000000000011110001110000000
0000000000001111111110000000
0000000000000111111000000000
0000000000000000000000000000
0000000000000000000000000000
0000000000000000000000000000
0000000000000000000000000000
0000000000000000000001111100
0000000000011111111111111100
0000000000000000000000000000
0000000000000000000000000000
