0000000000000000000000000000
0000000000000000000000000000
0000000000000000000000000000
0000000000000000000000000000
0000000000000000000000000000
0000000000000000000000000000
0000000000011110000000000000
0000000000111111100000000000
0000000001111111100000000000
0000000001110011000000000000
0000000001110110000000000000
0000000011111111000000000000
0000000011111111100000000000
0000000011110011110000000000
0000000001110011110000000000
0000000001110011110000000000
0000000001110011100000000000
0000000001111111100000000000
0000000000111111000000000000
0000000000011100000000000000
0000000000000000000000000000
0000000000000000000000000000
0000000000000000000000000000
0000000000000000000000000000
0000000000000000000000000000
0000000000000000000000000000
0000000000000000000000000000
0000000000000000000000000000
