0000000000000000000000000000
0000000000000000000000000000
0011000000000000000000000000
0011000000000000000000000000
0011000000000000000000000000
0011000000000000000000000000
0011000000000011111000000000
0010000000000111111100000000
0011000000001111001110000000
0011000000001110000000000000
0010000000001111111000000000
0011000000001111111100000000
0011000000001110011110000000
0010000000001110001110000000
0010000000001110001110000000
0010000000001111011100000000
0010000000000111111100000000
0010000000000011111000000000
0010000000000000000000000000
0010000000000000000000000000
0010000000000000000000000000
0010000000000000000000000000
0010000000000000000000000000
0010000000000000000000000000
0010000000000000000000000000
0010000000000000000000000000
0000000000000000000000000000
0000000000000000000000000000
