0000000000000000000000000000
0000000000000000000000000000
0000000000000000000000000000
0000000000000000000000000000
0000000000000000000000000000
0000000000000000000000000000
0000000000000000000000000000
0000000000001111110000000000
0000000000011111111000000000
0000000000111000111000000000
0000000001110000011100000000
0000000001110000001100000000
0000000001110000000000000000
0000000001111111110000000000
0000000001111111111000000000
0000000001111000111100000000
0000000001110000011100000000
0000000001110000011100000000
0000000001110000011100000000
0000000001110000011100000000
0000000001110000011100000000
0000000000111101111000000000
0000000000011111110000000000
0000000000000111000000000000
0000000000000000000000000000
0000000000000000000000000000
0000000000000000000000000000
0000000000000000000000000000
