0000000000000000000000000000
0000000000000000000000000000
0010000000000000000000000000
0010000000000000000000000000
0010000000000000000000000000
0010000000000000000000000000
0010000000000111110000000000
0010000000001111111000000000
0010000000011100011100000000
0010000000011000001000000000
0010000000111000000000000000
0010000000111111110000000000
0010000000111111111000000000
0010000000111100011100000000
0010000000111000011100000000
0010000000111000001100000000
0010000000111000011100000000
0010000000111000011100000000
0010000000011111111000000000
0010000000001111110000000000
0010000000000011000000000000
0010000000000000000000000000
0010000000000000000000000000
0010000000000000000000000000
0011000000000000000000000000
0011111111111111111111111100
0000000000000000000000000000
0000000000000000000000000000
