0000000000000000000000000000
0000000000000000000000000000
0000000000000000000000000000
0000000000000000000000000000
0000000000000000000000000000
0000000000000000000000000000
0000000000001111100000000000
0000000000011111110000000000
0000000000011100111000000000
0000000000111000000000000000
0000000000111111100000000000
0000000000111111110000000000
0000000000111111111000000000
0000000000111000111000000000
0000000000111000111000000000
0000000000111000111000000000
0000000000011101111000000000
0000000000011111110000000000
0000000000000111100000000000
0000000000000000000000000000
0000000000000000000000000000
0000000000000000000000000000
0000000000000000000000000000
0000000000000000000000000000
0000000000000000000000000000
0000000000000000000000000000
0000000000000000000000000000
0000000000000000000000000000
