0000000000000000000000000000
0000000000000000000000000000
0000000000000000000000000000
0000000000000000000000000000
0000000000000000000000000000
0000000000000000000000000000
0000000000000000000000000000
0000000000000000000000000000
0000000000000111110000000000
0000000000001110111000000000
0000000000011000011100000000
0000000000011000001000000000
0000000000110000000000000000
0000000000110111110000000000
0000000000111111111000000000
0000000000111000011100000000
0000000000110000001100000000
0000000000110000001100000000
0000000000110000001100000000
0000000000011000011100000000
0000000000011110111000000000
0000000000001111110000000000
0000000000000000000000000000
0000000000000000000000000000
0000000000000000000000000000
0000000000000000000000000000
0000000000000000000000000000
0000000000000000000000000000
