0000000000000000000000000000
0000111111111100000000000000
0000111111111100000000000000
0000111111111000000000000000
0000110010111000000000000000
0000110000010000000000000000
0000000000110000000000000000
0000000000100000000000000000
0000000001100000000000000000
0000000001100000000000000000
0000000011000000000000000000
0000000011000000000000000000
0000000110000000000000000000
0000000110000000000000000000
0000001110000000000000000000
0000001100000000000000000000
0000011100000000000000000000
0000000000000000000000000000
0000000000000000000000000000
0000000000000000000000000000
0000000000000000000000000000
0000000000000000000000000000
0000000000000000000000000000
0000000000000000000000000000
0000000000000000000000000000
0000000000000000000000000000
0000000000000000000000000000
0000000000000000000000000000
