0000000000000000000000000000
0000000000000000000000000000
0000000000000000000000000000
0000000000000000000000000000
0000000000000000000000000000
0000000000000000000000000000
0000000000000000000000000000
0000000000000000000000000000
0000000000000000000000000000
0001111111111111000000000000
0000111111111111000000000000
0000000000001110000000000000
0000000000001110000000000000
0000000000011100000000000000
0000000000111000000000000000
0000000000110000000000000000
0000000001110000000000000000
0000000011100000000000000000
0000000011100000000000000000
0000000111000000000000000000
0000000111000000000000000000
0000000111000000000000000000
0000001110000000000000000000
0000001110000000000000000000
0000000100000000000000000000
0000000000000000000000000000
0000000000000000000000000000
0000000000000000000000000000
