0000000000000000000000000000
0000000000000000000000000000
0000000000000000000000000000
0000000000000000000000000000
0000000000000000000000000000
0000000000000000000000000000
0000000000000000000000000000
0000000000000000000000000000
0000000000000000000000000000
0111100000011000000000000000
0111111111111000000000000000
0111111111110000000000000000
0110000001110000000000000000
0100000001100000000000000000
0000000011000000000000000000
0000000111000000000000000000
0000001110000000000000000000
0000011100000000000000000000
0000011000000000000000000000
0000111000000000000000000000
0001110000000000000000000000
0011110000000000000000000000
0000000000000000000000000000
0000000000000000000000000000
0000000000000000000000000000
0000000000000000000000000000
0000000000000000000000000000
0000000000000000000000000000
