0000000000000000000000000000
0000000000000000000000000000
0000000000000000000000000000
0000000000000000000000000000
1111111111111100000000000000
0111111111111100000000000000
0111111111111100000000000000
0000000001111000000000000000
0000000001111000000000000000
0000000001110000000000000000
0000000011100000000000000000
0000000111100000000000000000
0000000111000000000000000000
0000001111000000000000000000
0000011110000000000000000000
0000011100000000000000000000
0000111100000000000000000000
0001111000000000000000000000
0001111000000000000000000000
0011111000000000000000000000
0011110000000000000000000000
0011110000000000000000000000
0011100000000000000000000000
0000000000000000000000000000
0000000000000000000000000000
0000000000000000000000000000
0000000000000000000000000000
0000000000000000000000000000
