0000000000000000000000000000
0000000000000000000000000000
0000000000000000000000000000
0000000000000011110111000000
0000000000000111111111000000
0000000000000111111111000000
0000000000000111111110000000
0000000000000110000110000000
0000000000000000000100000000
0000000000000000001100000000
0000000000000000001100000000
0000000000000000001000000000
0000000000000000011000000000
0000000000000000011000000000
0000000000000000111000000000
0000000000000000110000000000
0000000000000000110000000000
0000000000000001100000000000
0000000000000001100000000000
0000000000000011100000000000
0000000000000000000000000000
0000000000000000000000000000
0000000000000000000000000000
0000000000000000000000000000
0000000000000000000000000000
0000000000000000000000000000
0000000000000000000000000000
0000000000000000000000000000
