0000000000000000000000000000
0000000000000000000000000000
0000000000000000000000000000
0000000000000000000000000000
0000000000000000000000000000
0000000000000000000000000000
0000000000000000000000000000
0000000011111111000000000000
0000000111111111000000000000
0000000111111111000000000000
0000000100000011000000000000
0000000000000110000000000000
0000000000000110000000000000
0000000000000110000000000000
0000000000001100000000000000
0000000000001100000000000000
0000000000001100000000000000
0000000000011000000000000000
0000000000011000000000000000
0000000000011000000000000000
0000000000110000000000000000
0000000000110000000000000000
0000000000110000000000000000
0000000000100000000000000000
0000000000000000000000000000
0000000000000000000000000000
0000000000000000000000000000
0000000000000000000000000000
