0000000000000000000000000000
0000000000000000000000000000
0000000000000000000000000000
0000000000000000000000000000
0000000000000111111111111000
0000000000000111111111111000
0000000000000011111111111000
0000000000000000000011111000
0000000000000000000011110000
0000000000000000000111110000
0000000000000000001111100000
0000000000000000001111100000
0000000000000000011111000000
0000000000000000011111000000
0000000000000000111110000000
0000000000000000111110000000
0000000000000000000000000000
0000000000000000000000000000
0000000000000000000000000000
0000000000000000000000000000
0000000000000000000000000000
0000000000000000000000000000
0000000000000000000000000000
0000000000000000000000000000
0000000000000000000000000000
0000000000000000000000000000
0000000000000000000000000000
0000000000000000000000000000
