0000000000000000000000000000
0000000000000000000000000000
0000000000000000000000000000
0000000000000000000000000000
0000000000000000000000000000
0000000000000000000000000000
0000000000000000000000000000
0000000000000000001111110000
0000000000000000111111111000
0000000000000000111111110000
0000000000000000100000110000
0000000000000000000000110000
0000000000000000000000100000
0000000000000000000001100000
0000000000000000000001000000
0000000000000000000001000000
0000000000000000000011000000
0000000000000000000011000000
0000000000000000000010000000
0000000000000000000110000000
0000000000000000000110000000
0000000000000000000100000000
0000000000000000000000000000
0000000000000000000000000000
0000000000000000000000000000
0000000000000000000000000000
0000000000000000000000000000
0000000000000000000000000000
