0000000000000000000000000000
0000000000000000000000000000
0010000000000000000000000000
0010000000000000000000000000
0010000000001111111100000000
0010000000001111111100000000
0010000000001111111100000000
0010000000000111111100000000
0010000000000001111100000000
0010000000000001111000000000
0010000000000011111000000000
0010000000000011110000000000
0010000000000111110000000000
0010000000000111100000000000
0010000000000111100000000000
0010000000000111100000000000
0010000000000111000000000000
0010000000000010000000000000
0010000000000000000000000000
0010000000000000000000000000
0010000000000000000000000000
0010000000000000000000000000
0010000000000000000000000000
0010000000000000000000000000
0011000000000000000000000000
0011000000000000000000000000
0000000000000000000000000000
0000000000000000000000000000
