0000000000000000000000000000
0000000000000000000000000000
0011111111111111111111111100
0000000000000000000000001100
0000000000000000000000001100
0000000000000000000000001100
0000000011111111110000001100
0000000111111111111000001100
0000000111111111111000001100
0000000011111111111000001100
0000000001111111110000001100
0000000000011111100000001100
0000000000111111100000001100
0000000000111111000000001100
0000000000111111000000001100
0000000001111110000000001100
0000000001111110000000001100
0000000001111110000000000100
0000000001111100000000000100
0000000001111100000000000100
0000000000110000000000000100
0000000000000000000000000100
0000000000000000000000000100
0000000000000000000000000100
0000000000000000000000000100
0010111111000011111111111100
0000000000000000000000000000
0000000000000000000000000000
