0000000000000000000000000000
0000000000000000000000000000
0011100000011110000000001100
0011000000000000000000000100
0011000000000000000000001100
0011000001111111111100000100
0010000011111111111100000100
0010000011111111111110000100
0010000001111111111110000100
0010000000011111111100000100
0010000000000011111000000100
0010000000000111110000000100
0010000000001111100000011100
0010000000001111100000000100
0010000000011111100000000100
0010000000011111000000000100
0010000000011110000000000100
0010000000011110000000000100
0010000000111110000000000100
0010000000111110000000000100
0010000000111110000000000100
0010000000011100000000000100
0010000000000000000000000100
0010000000000000000000000100
0011000000000000000000011100
0011111111111111111111111100
0000000000000000000000000000
0000000000000000000000000000
