0000000000000000000000000000
0000000000000000000000000000
0011001111111111111111111100
0010000000000000000000111100
0010000000000000000000001100
0010000001111111111000001100
0010000111111111111100001100
0010000111111111111100001100
0010000011111111111100001100
0010000001111111111000001100
0010000000001111111000011100
0010000000001111110000011100
0010000000001111100000001100
0010000000011111100000001100
0010000000011111000000001100
0010000000111111000000001100
0000000000111110000000001100
0000000000111110000000001100
0000000001111110000000001100
0000000001111100000000001100
0010000001111100000000001100
0010000000111000000000001100
0000000000000000000000001100
0000000000000000000000001100
0000000000000000000000001100
0011111111111111111111111100
0000000000000000000000000000
0000000000000000000000000000
