0000000000000000000000000000
0000000000000000000000000000
0000000000000000000000001100
0000000000000000000000001100
0000000000000001000000001100
0000000111111111110000001100
0000000111111111111000001100
0000000111111111111000001100
0000000011111111110000001100
0000000000001111110000001100
0000000000001111100000001100
0000000000011111100000001100
0000000000011111000000001100
0000000000011110000000001100
0000000000111110000000001100
0000000001111100000000001100
0000000001111100000000001100
0000000001111100000000001100
0000000001111000000000001100
0000000001111000000000001100
0000000001110000000000001100
0000000000000000000000001100
0000000000000000000000001100
0000000000000000000000001100
0001111110000001110010011100
0011111111111111111111111100
0000000000000000000000000000
0000000000000000000000000000
