0000000000000000000000000000
0000000000000000000000000000
0011111111111111111111111100
0011111111111111111111111100
0011100000000001111111111100
0011000000000000000000000000
0010000000000000000000000000
0011000000111111111100000000
0011000000111111111110000000
0011000000111111111110000000
0011000000111111111110000000
0011000000000011111110000000
0011000000000011111100000000
0011000000000011111100000000
0011000000000111111000000000
0011000000000111110000000000
0010000000000111110000000000
0010000000001111100000000000
0010000000001111100000000000
0010000000001111000000000000
0010000000001111000000000000
0010000000001111000000000000
0010000000000110000000000000
0010000000000000000000000000
0010000000000000000000000000
0010000000000000000000000000
0000000000000000000000000000
0000000000000000000000000000
