0000000000000000000000000000
0000000000000000000000000000
0000000000000000000000000000
0000000000000000000000000000
0000000000000000000000000000
0000000000000000000000000000
0000000000000000000000000000
0000000000000000000000000000
0000000000000000000000000000
0000000000000000000000000000
0000000111111110000000000000
0000001111111111000000000000
0000011110000111100000000000
0000011100000011100000000000
0000011110000011100000000000
0000001111000111100000000000
0000000111111111000000000000
0000001111111111000000000000
0000011110000111100000000000
0000011100000001110000000000
0000011100000001110000000000
0000011100000001110000000000
0000011110000011100000000000
0000001111111111100000000000
0000000111111110000000000000
0000000000000000000000000000
0000000000000000000000000000
0000000000000000000000000000
