0000000000000000000000000000
0000000000000000000000000000
0000000000000000000000000000
0000000000000000000000000000
0000000000000000000000000000
0000000000000000000000000000
0000000000000000000000000000
0000000000111100000000000000
0000000111111111100000000000
0000001111100111110000000000
0000001111000011110000000000
0000001111000111110000000000
0000000111100111100000000000
0000000011111111000000000000
0000000111111111100000000000
0000001111000111110000000000
0000011111000011110000000000
0000011111000111110000000000
0000001111111111110000000000
0000000011111111100000000000
0000000000011000000000000000
0000000000000000000000000000
0000000000000000000000000000
0000000000000000000000000000
0000000000000000000000000000
0000000000000000000000000000
0000000000000000000000000000
0000000000000000000000000000
