0000000000000000000000000000
0000000000000000000000000000
0000000000000000000000000000
0000000000000000000000000000
0000000000000000000000000000
0000000000001101100000000000
0000000000010000110000000000
0000000000010000010000000000
0000000000011000110000000000
0000000000011000100000000000
0000000000001111000000000000
0000000000000111000000000000
0000000000001111100000000000
0000000000011001110000000000
0000000000010000110000000000
0000000000010000011000000000
0000000000010000010000000000
0000000000011000110000000000
0000000000001111000000000000
0000000000000000000000000000
0000000000000000000000000000
0000000000000000000000000000
0000000000000000000000000000
0000000000000000000000000000
0000000000000000000000000000
0000000000000000000000000000
0000000000000000000000000000
0000000000000000000000000000
