0000000000000000000000000000
0000000000000000000000000000
0000000000000000000000000000
0000000000000000000000000000
0000000000000000000000000000
0000000000000000000000000000
0000000000000000000000000000
0000000000000000000000000000
0000000000000000000000000000
0000000000000000000000000000
0000000000000111111100000000
0000000000001111111110000000
0000000000001110001110000000
0000000000011100001110000000
0000000000011100001110000000
0000000000001110001110000000
0000000000001110001100000000
0000000000001111111100000000
0000000000000111111000000000
0000000000001111111100000000
0000000000001111111110000000
0000000000011100011110000000
0000000000011100001111000000
0000000000011000000111000000
0000000000011000000111000000
0000000000011100000111000000
0000000000011110011110000000
0000000000001111111110000000
