0000000000000000000000000000
0000000000000000000000000000
0000000000000000000000000000
0000000000000011111111000000
0000000000000111111111100000
0000000000001110000011100000
0000000000001110000001110000
0000000000001110000001110000
0000000000001110000011100000
0000000000000111100011100000
0000000000000011111111000000
0000000000000111111111000000
0000000000001110000111100000
0000000000001100000001110000
0000000000011100000001110000
0000000000011100000001110000
0000000000001110000001110000
0000000000001111000111100000
0000000000000111111111000000
0000000000000001111110000000
0000000000000000000000000000
0000000000000000000000000000
0000000000000000000000000000
0000000000000000000000000000
0000000000000000000000000000
0000000000000000000000000000
0000000000000000000000000000
0000000000000000000000000000
