0000000000000000000000000000
0000000000000000000000000000
0000000000000000000000000000
0000000000000000000000000000
0000000000000000000000000000
0000000000000000000000000000
0000000000000000000000000000
0000000000000000000000000000
0000000000000000000000000000
0000000000000000000000000000
0000000000000000000000000000
0000000000000001111110000000
0000000000000011101111000000
0000000000000111000011000000
0000000000000111000011000000
0000000000000111000111000000
0000000000000011111110000000
0000000000000011111110000000
0000000000000111000111000000
0000000000000110000011000000
0000000000000110000011100000
0000000000000110000011100000
0000000000000111000011000000
0000000000000011111111000000
0000000000000001111110000000
0000000000000000000000000000
0000000000000000000000000000
0000000000000000000000000000
