0000000000000000000000000000
0000000000000000000000000000
0000000000000000000000000000
0000000000000000000000000000
0000000000000000000000000000
0000000000000000110110000000
0000000000000001000011000000
0000000000000001000001000000
0000000000000001100011000000
0000000000000001111110000000
0000000000000000011100000000
0000000000000000111110000000
0000000000000001100111000000
0000000000000001000011000000
0000000000000001000001000000
0000000000000001100001000000
0000000000000000111110000000
0000000000000000000000000000
0000000000000000000000000000
0000000000000000000000000000
0000000000000000000000000000
0000000000000000000000000000
0000000000000000000000000000
0000000000000000000000000000
0000000000000000000000000000
0000000000000000000000000000
0000000000000000000000000000
0000000000000000000000000000
