0000000000000000000000000000
0000000000000000000000000000
0000000000000000000000000000
0000000000000000000000000000
0000000000000000000000000000
0000000000000000000000000000
0000000000000000000000000000
0000000000000000000000000000
0000000011111000000000000000
0000000111111111100000000000
0000011111111111100000000000
0000011110000111110000000000
0000111110000111110000000000
0000011111000111110000000000
0000011111111111100000000000
0000001111111111000000000000
0000001111111111000000000000
0001111110001111110000000000
0001111100001111110000000000
0001111100000111111100000000
0001111100000011111100000000
0001111110001111110000000000
0001111111111111110000000000
0000000111111111000000000000
0000000000000000000000000000
0000000000000000000000000000
0000000000000000000000000000
0000000000000000000000000000
