0000000000000000000000000000
0000000000000000000000000000
0000000000000000000000000000
0000000000000000000000000000
0000000000000000000000000000
0000000000000000000000000000
0000000000000000000000000000
0000000000000000000000000000
0000000000000000000000000000
0000000000000000000000000000
0000000000000000000000000000
0000000000000000000000000000
0000000000000000000000000000
0000000000000111111100000000
0000000000001110011110000000
0000000000011100000111000000
0000000000011100000111000000
0000000000011111101110000000
0000000000001111111100000000
0000000000000111111110000000
0000000000001110011111000000
0000000000011100000111000000
0000000000011100000111100000
0000000000011100000111000000
0000000000001111001110000000
0000000000000111111100000000
0000000000000000000000000000
0000000000000000000000000000
