0000000000000000000000000000
0000000000000000000000000000
0000000000000000000000000000
0000000000000000000000000000
0000000000000000000000000000
0000000000000000000000000000
0000000011110000000000000000
0000000111111000000000000000
0000001111111111000000000000
0000111111111111000000000000
0000111110001111100000000000
0001111100001111100000000000
0000111110001111100000000000
0000111111011111100000000000
0000111111111111000000000000
0000011111111110000000000000
0000011111111110000000000000
0000111110011111100000000000
0001111100011111100000000000
0001111100001111100000000000
0001111100000111111000000000
0001111100000111111000000000
0001111100001111110000000000
0001111110011111100000000000
0001111111111111100000000000
0000001111111110000000000000
0000000000000000000000000000
0000000000000000000000000000
