0000000000000000000000000000
0000000000000000000000000000
0000000000000000000000000000
0000000000000000000000000000
0000000000000000000000000000
0000000000000000000000000000
0000000000000000000000000000
0000000000000000000000000000
0000000000000000000000000000
0000000000000000000000000000
0000000000000000000000000000
0000000000000000000000000000
0000000000000000000000000000
0000011111100000000000000000
0000011111110000000000000000
0000111000110000000000000000
0000111101110000000000000000
0000011111100000000000000000
0000011111100000000000000000
0000111000110000000000000000
0000111000110000000000000000
0000111001110000000000000000
0000011111100000000000000000
0000001111000000000000000000
0000000000000000000000000000
0000000000000000000000000000
0000000000000000000000000000
0000000000000000000000000000
