0000000000000000000000000000
0000000000000000000000000000
0000000000000000000000000000
0000000000000000000000000000
0000000000000000000000000000
0000000000000000000000000000
0000000000000000000000000000
0000000000000000000000000000
0000000000000000000000000000
0000000000000000000000000000
0000000000000011001100000000
0000000000000111000110000000
0000000000000110000111000000
0000000000000100000010000000
0000000000000110000111000000
0000000000000111000110000000
0000000000000111111100000000
0000000000000011111000000000
0000000000000001111100000000
0000000000000011111110000000
0000000000000110001111000000
0000000000000100000111000000
0000000000001100000011000000
0000000000000100000011000000
0000000000000110000011000000
0000000000000111111110000000
0000000000000011111000000000
0000000000000000000000000000
