0000000000000000000000000000
0000000000000000000000000000
0000000000000000000000000000
0000000000000000000000000000
0000000000000000000000000000
0000000000000000000000000000
0000000000000011000000000000
0000000000001111110000000000
0000000000011100111000000000
0000000000011000011000000000
0000000000011000011000000000
0000000000011000011000000000
0000000000001111111000000000
0000000000001111110000000000
0000000000011100011000000000
0000000000111000011100000000
0000000000110000001100000000
0000000000111000001100000000
0000000000011000011000000000
0000000000011111111000000000
0000000000001111100000000000
0000000000000000000000000000
0000000000000000000000000000
0000000000000000000000000000
0000000000000000000000000000
0000000000000000000000000000
0000000000000000000000000000
0000000000000000000000000000
