0000000000000000000000000000
0000000000000000000000000000
0000000000000000000000000000
0000000000000000000000000000
0000000000000110000000000000
0000000000111111100000000000
0000000001111111110000000000
0000000001111111111000000000
0000000011110000111000000000
0000000011100000111000000000
0000000011110000111000000000
0000000001111111111000000000
0000000000111111110000000000
0000000001111111111000000000
0000000011111001111000000000
0000000011100000111100000000
0010000011100000011100000000
0010000011100000011100000000
0001000011100000111100000000
0001000011111101111000000000
0000000001111111110000000000
0000000000111111100000000000
0000000000000110000000000000
0000000000000000000000000000
0000000000000000000000000000
0000000000000000000000000000
0000000000000000000000000000
0000000000000000000000000000
