0000000000000000000000000000
0000000000000000000000000000
0010000000000000000000000100
0000000000000000000000000000
0000000000000000000000000000
0000000000000000000000000000
0000000000000000000000000000
0000000000001111100000000000
0000000000111111110000000000
0000000000111111111000000000
0000000001111001111100000000
0000000000111001111000000000
0000000000111111111000000000
0000000000111111111000000000
0000000000111111111000000000
0000000000111111111000000000
0000000001111000111100000000
0000000001110000011100000000
0000000001110000011100000000
0000000001111100111100000000
0000000000111111111000000000
0000000000011111110000000000
0000000000000111000000000000
0000000000000000000000000000
0000000000000000000000000000
0000000000000000000000000000
0000000000000000000000000000
0000000000000000000000000000
