0000000000000000000000000000
0000000000000000000000000000
0000000000000000000000000000
0000000000000000000000000000
0000000000000000000000000000
0000000000000000000000000000
0000000000001111110000000000
0000000000111111111000000000
0000000000111000111000000000
0000000001110000011100000000
0000000001110000011100000000
0000000001110000111000000000
0000000000111111111000000000
0000000000011111110000000000
0000000000111111111000000000
0000000001110000011100000000
0000000001110000011100000000
0000000001110000001100000000
0000000001110000011100000000
0000000001110000011100000000
0000000001111101111000000000
0000000000111111111000000000
0000000000001111100000000000
0000000000000000000000000000
0000000000000000000000000000
0000000000000000000000000000
0000000000000000000000000000
0000000000000000000000000000
