0000000000000000000000000000
0000000000000000000000000000
0011000000000000000000000000
0010000000000000000000000000
0010000000000000000000000000
0010000000000000000000000000
0010000000001111000000000000
0010000000111111110000000000
0010000001111111111000000000
0010000001111111111000000000
0010000001111101111100000000
0010000001111111111100000000
0010000001111111111000000000
0010000001111111111000000000
0010000001111111111000000000
0010000011111111111100000000
0010000011111001111100000000
0010000011111000111100000000
0010000011111001111100000000
0010000001111111111100000000
0010000001111111111000000000
0010000000111111110000000000
0010000000001111000000000000
0010000000000000000000000000
0010000000000000000000000000
0010000000000000000000000000
0000000000000000000000000000
0000000000000000000000000000
