0000000000000000000000000000
0000000000000000000000000000
0010000000000000000000000000
0010000000000000000000000000
0000000000000000000000000000
0000000000000000000000000000
0000000000001111100000000000
0000000000011111111000000000
0000000000111111111000000000
0000000000111100111100000000
0000000000111100111100000000
0000000000111111111000000000
0000000000111111111000000000
0000000000111111111000000000
0000000000111111111100000000
0000000001111000111100000000
0000000001111000011100000000
0000000001111000111100000000
0000000001111100111100000000
0000000000111111111000000000
0000000000011111111000000000
0000000000000111000000000000
0000000000000000000000000000
0010000000000000000000000000
0010000000000000000000000000
0010000000000000000000001100
0000000000000000000000000000
0000000000000000000000000000
