0000000000000000000000000000
0000000000000000000000000000
0010000000000000000000000000
0000000000000000000000000000
0000000000000000000000000000
0000000000000110000000000000
0000000000011111110000000000
0000000000111111111000000000
0000000000111111111000000000
0000000001111000111000000000
0000000000111101111000000000
0000000000111111111000000000
0000000000111111111000000000
0000000000111111111000000000
0000000001111101111100000000
0000000001110000111100000000
0000000001110000111100000000
0000000001111000111100000000
0000000001111111111000000000
0000000000111111111000000000
0000000000001111100000000000
0000000000000000000000000000
0000000000000000000000000000
0000000000000000000000000000
0000000000000000000000000000
0010000000000000000000000100
0000000000000000000000000000
0000000000000000000000000000
