0000000000000000000000000000
0000000000000000000000000000
0000000000000000000000000000
0000000000000000000000000000
0000000000000000000000000000
0000000000000000000000000000
0000000000000111000000000000
0000000000011111110000000000
0000000000011101110000000000
0000000000011000111000000000
0000000000011000110000000000
0000000000011111110000000000
0000000000011111110000000000
0000000000111100111000000000
0000000000111000111000000000
0000000000111000111000000000
0000000000111101111000000000
0000000000011111110000000000
0000000000000111100000000000
0000000000000000000000000000
0000000000000000000000000000
0000000000000000000000000000
0000000000000000000000000000
0000000000000000000000000000
0000000000000000000000000000
0000000000000000000000000000
0000000000000000000000000000
0000000000000000000000000000
