0000000000000000000000000000
0000000000000000000000000000
0000000000000000000000000000
0000000000000000000000000000
0000000000000000000000000000
0000000000000000000000000000
0000000000000110000000000000
0000000000111111110000000000
0000000001110000110000000000
0000000001100000011000000000
0000000001100000011000000000
0000000001110000011000000000
0000000000111000110000000000
0000000000011111100000000000
0000000000111111110000000000
0000000001100000111000000000
0000000001100000011000000000
0000000011100000011000000000
0000000001100000011000000000
0000000001100000011000000000
0000000001111001110000000000
0000000000011111100000000000
0000000000000000000000000000
0000000000000000000000000000
0000000000000000000000000000
0000000000000000000000000000
0000000000000000000000000000
0000000000000000000000000000
