0000000000000000000000000000
0000000000000000000000000000
0010000000000000000000000000
0010000000000000000000000000
0010000000000011110000000000
0010000000001111111100000000
0010000000001110011110000000
0010000000011100001110000000
0010000000011000000110000000
0010000000011100001110000000
0010000000001100011100000000
0010000000001111111100000000
0010000000001111111100000000
0010000000011100001110000000
0010000000111000000110000000
0010000000111000000110000000
0010000000111000000110000000
0010000000111000000110000000
0010000000011110011110000000
0010000000001111111100000000
0000000000000011110000000000
0000000000000000000000000000
0000000000000000000000000000
0000000000000000000000000000
0000000000000000000000000000
0000000000000000000000000000
0000000000000000000000000000
0000000000000000000000000000
