0000000000000000000000000000
0000000000000000000000000000
0000000000000000000000000000
0000000000000000000000000000
0000000000000000000000000000
0000000000000000000000000000
0000000000000000000000000000
0000000000000000000000000000
0000011111100000000000000000
0001111111111000000000000000
0001110000111000000000000000
0001110000011100000000000000
0001110000011100000000000000
0001111011111100000000000000
0000111111111100000000000000
0000000000111100000000000000
0000000000111000000000000000
0000000001111000000000000000
0001111111100000000000000000
0000111110000000000000000000
0000000000000000000000000000
0000000000000000000000000000
0000000000000000000000000000
0000000000000000000000000000
0000000000000000000000000000
0000000000000000000000000000
0000000000000000000000000000
0000000000000000000000000000
