0000000000000000000000000000
0000000000000000000000000000
0000000000000000000000000000
0000000000000000000000000000
0000000000000000000000000000
0000000000000001111110000000
0000000000000011000111000000
0000000000000111000111000000
0000000000000111000011100000
0000000000000111000111100000
0000000000000111100111100000
0000000000000111111111100000
0000000000000011111111000000
0000000000000000000111000000
0000000000000000001110000000
0000000000000000011100000000
0000000000000001111000000000
0000000000000001000000000000
0000000000000000000000000000
0000000000000000000000000000
0000000000000000000000000000
0000000000000000000000000000
0000000000000000000000000000
0000000000000000000000000000
0000000000000000000000000000
0000000000000000000000000000
0000000000000000000000000000
0000000000000000000000000000
