0000000000000000000000000000
0000000000000000000000000000
0000000001100000000000000000
0000000111111000000000000000
0000001111011100000000000000
0000001100001110000000000000
0000011100000110000000000000
0000011100000110000000000000
0000011100000110000000000000
0000001100000110000000000000
0000001110001111000000000000
0000001111111110000000000000
0000000111111110000000000000
0000000000000110000000000000
0000000000000110000000000000
0000000000001100000000000000
0000000000011100000000000000
0000000111111000000000000000
0000000111110000000000000000
0000000000000000000000000000
0000000000000000000000000000
0000000000000000000000000000
0000000000000000000000000000
0000000000000000000000000000
0000000000000000000000000000
0000000000000000000000000000
0000000000000000000000000000
0000000000000000000000000000
