0000000000000000000000000000
0000000000000000000000000000
0000000000000000000000000000
0000000000000000000000000000
0000000000000000000000000000
0000000000000000000000000000
0000000000000000000000000000
0000000000111000000000000000
0000000001111100000000000000
0000000001101110000000000000
0000000011100110000000000000
0000000011100110000000000000
0000000011100110000000000000
0000000001111110000000000000
0000000001111110000000000000
0000000000000110000000000000
0000000001000110000000000000
0000000001101110000000000000
0000000001111100000000000000
0000000000111000000000000000
0000000000000000000000000000
0000000000000000000000000000
0000000000000000000000000000
0000000000000000000000000000
0000000000000000000000000000
0000000000000000000000000000
0000000000000000000000000000
0000000000000000000000000000
