0000000000000000000000000000
0000000000000000000000000000
0000000000000000000000000000
0000000000000000000000000000
0000000000000000000000000000
0000000000000000000000000000
0000000000000000000000000000
0000000000000000000000000000
0000000000000000000000000000
0000000000000000000000000000
0000000000000000000000000000
0000000111111000000000000000
0000001111111110000000000000
0000011111011111000000000000
0000011100000111000000000000
0000111000000111100000000000
0000111000000011100000000000
0000111000000011100000000000
0000111000000011100000000000
0000111000000011100000000000
0000111100000111100000000000
0000011110001111100000000000
0000011111111111100000000000
0000000111111111100000000000
0000000000000011100000000000
0000000000000011100000000000
0000000000000111000000000000
0000000000000111000000000000
