0000000000000000000000000000
0000000000000000000000000000
0000000000000000000000000000
0000000000000000000000000000
0000000000000000000000000000
0000000000000000000000000000
0000000000000000000000000000
0000000000000000000000000000
0000000000000000000000000000
0000000000000000000000000000
0000000000000000011100000000
0000000000000000111110000000
0000000000000001110111000000
0000000000000001100111000000
0000000000000011100011100000
0000000000000011100011100000
0000000000000001100111100000
0000000000000001111111100000
0000000000000000111111100000
0000000000000000011111000000
0000000000000000000111000000
0000000000000000111111000000
0000000000000000111110000000
0000000000000000111100000000
0000000000000000000000000000
0000000000000000000000000000
0000000000000000000000000000
0000000000000000000000000000
