0000000000000000000000000000
0000000000000000000000000000
0000000000000000000000000000
0000000000000000000000000000
0000000000000000000000000000
0000000000000000000000000000
0000000000000000000000000000
0000000000000000000000000000
0000000000000000000000000000
0000000000000000000000000000
0000000000000000000000000000
0000000000000000000000000000
0000000000000000000000000000
0000000000000000000000000000
0000000000000000000000000000
0001111100000000000000000000
0011111111000000000000000000
0111000111100000000000000000
1110000011100000000000000000
0110000001100000000000000000
1110000011100000000000000000
0111101111100000000000000000
0011111111100000000000000000
0000111111000000000000000000
0000001111000000000000000000
0000011110000000000000000000
0011111000000000000000000000
0011100000000000000000000000
