0000000000000000000000000000
0000000000000000000000000000
0000000000000000000000000000
0000000000000000000000000000
0000000000000111110000000000
0000000000001111111000000000
0000000000001111111000000000
0000000000011110011100000000
0000000000011100011100000000
0000000000011100011100000000
0000000000011110011100000000
0000000000001110111100000000
0000000000001111111100000000
0000000000001111111100000000
0000000000000111011100000000
0000000000000000011100000000
0000000000000000011100000000
0000000000001110111100000000
0000000000001111111000000000
0000000000001111111000000000
0000000000000111110000000000
0000000000000011000000000000
0000000000000000000000000000
0000000000000000000000000000
0000000000000000000000000000
0000000000000000000000000000
0000000000000000000000000000
0000000000000000000000000000
