0000000000000000000000000000
0000000000000000000000000000
0000000000000000000000000000
0000000000000000000000000000
0000000000000000000000000000
0000000000000000000000000000
0000000000000000000000000000
0000000000000000000000000000
0000000000000000000000000000
0000000000000000000000000000
0000000000000000000000000000
0000000000000000000000000000
0000000000000000000000000000
0000000000100000000000000000
0000000111111100000000000000
0000001111001110000000000000
0000011100000111000000000000
0000011100000111000000000000
0000011100000111000000000000
0000011100000111100000000000
0000001110000111100000000000
0000001111111111100000000000
0000000011111111000000000000
0000000000000111000000000000
0000000000000111000000000000
0000000000001110000000000000
0000001111111100000000000000
0000001111111000000000000000
