0000000000000000000000000000
0000000000000000000000000000
0000000000000000000000000000
0000000000000000000000000000
0000000000000000011000000000
0000000000000000111100000000
0000000000000001111100000000
0000000000000001100100000000
0000000000000001100110000000
0000000000000001100110000000
0000000000000001111110000000
0000000000000000111110000000
0000000000000001100100000000
0000000000000001100100000000
0000000000000000111100000000
0000000000000000111000000000
0000000000000000000000000000
0000000000000000000000000000
0000000000000000000000000000
0000000000000000000000000000
0000000000000000000000000000
0000000000000000000000000000
0000000000000000000000000000
0000000000000000000000000000
0000000000000000000000000000
0000000000000000000000000000
0000000000000000000000000000
0000000000000000000000000000
