0000000000000000000000000000
0000000000000000000000000000
0000000000000000000000000000
0000000000000000000000000000
0000000000000000000000000000
0000000000000000000000000000
0000000000000000000000000000
0000000000000000000000000000
0000000000000000000000000000
0000000000000000000000000000
0000000000000000000000000000
0000000011111100000000000000
0000000111001111000000000000
0000001110000111000000000000
0000001110000111000000000000
0000001110000111100000000000
0000001110000111100000000000
0000001111111111100000000000
0000000111111111000000000000
0000000001000111000000000000
0000000000001110000000000000
0000000000011110000000000000
0000000000111000000000000000
0000000111110000000000000000
0000000000000000000000000000
0000000000000000000000000000
0000000000000000000000000000
0000000000000000000000000000
