0000000000000000000000000000
0000000000000000000000000000
0000000000000000011110000000
0000000000000000111111000000
0000000000000000111111000000
0000000000000001110011000000
0000000000000001110001100000
0000000000000001110011100000
0000000000000000111111100000
0000000000000000111111100000
0000000000000000011111100000
0000000000000000110011000000
0000000000000000110011000000
0000000000000000111111000000
0000000000000000011110000000
0000000000000000000000000000
0000000000000000000000000000
0000000000000000000000000000
0000000000000000000000000000
0000000000000000000000000000
0000000000000000000000000000
0000000000000000000000000000
0000000000000000000000000000
0000000000000000000000000000
0000000000000000000000000000
0000000000000000000000000000
0000000000000000000000000000
0000000000000000000000000000
