0000000000000000000000000000
0000000000000000000000000000
0000000000000000000000000000
0000000000000000000000000000
0000000000000000000000000000
0000000000000000000000000000
0000000000000000000000000000
0000000000000000000000000000
0000000011110000000000000000
0000001111111100000000000000
0000011110011110000000000000
0000011100000111000000000000
0000111000000111000000000000
0000111000000111000000000000
0000111000000111000000000000
0000011110001111000000000000
0000001111111111000000000000
0000000011111111000000000000
0000000000000111000000000000
0000011000001110000000000000
0000011100011110000000000000
0000001111111100000000000000
0000000011100000000000000000
0000000000000000000000000000
0000000000000000000000000000
0000000000000000000000000000
0000000000000000000000000000
0000000000000000000000000000
