0000000000000000000000000000
0000000000000000000000000000
0000000000000000000000000000
0000000000000000000000000000
0000000000000000111000000000
0000000000000011111110000000
0000000000000111111111000000
0000000000001111000011100000
0000000000001110000001100000
0000000000001110000001110000
0000000000001100000001110000
0000000000001110000001110000
0000000000001110000011110000
0000000000000111101111110000
0000000000000011111111110000
0000000000000001111001110000
0000000000001100000001100000
0000000000001110000011100000
0000000000001111000111100000
0000000000000111111111000000
0000000000000011111110000000
0000000000000000000000000000
0000000000000000000000000000
0000000000000000000000000000
0000000000000000000000000000
0000000000000000000000000000
0000000000000000000000000000
0000000000000000000000000000
