0000000000000000000000000000
0000000000000000000000000000
0000000000000000000000000000
0000000000000000000000000000
0000000000111110000000000000
0000000001111111000000000000
0000000001100011100000000000
0000000011100001100000000000
0000000011000001100000000000
0000000011000001110000000000
0000000011100001110000000000
0000000001110111110000000000
0000000001111111110000000000
0000000000001001100000000000
0000000000000001100000000000
0000000011000011100000000000
0000000001100111000000000000
0000000001111111000000000000
0000000000011100000000000000
0000000000000000000000000000
0000000000000000000000000000
0000000000000000000000000000
0000000000000000000000000000
0000000000000000000000000000
0000000000000000000000000000
0000000000000000000000000000
0000000000000000000000000000
0000000000000000000000000000
