0000000000000000000000000000
0000000000000000000000000000
0000000000000000000000000000
0000000000000000000000000000
0000000000000000000000000000
0000000000000000011111100000
0000000000000000111111110000
0000000000000001111001111000
0000000000000001110000011100
0000000000000011100000011100
0000000000000011100000011100
0000000000000011100000011100
0000000000000001110000111100
0000000000000001111111111100
0000000000000000111111111100
0000000000000000000000011100
0000000000000001000000011000
0000000000000001110000111000
0000000000000001111001110000
0000000000000000111111110000
0000000000000000001111000000
0000000000000000000000000000
0000000000000000000000000000
0000000000000000000000000000
0000000000000000000000000000
0000000000000000000000000000
0000000000000000000000000000
0000000000000000000000000000
