0000000000000000000000000000
0000000000000000000000000000
0000000000000000000000000000
0000000001111000000000000000
0000000011111100000000000000
0000000111111110000000000000
0000000111001110000000000000
0000001111001111000000000000
0000001111001111000000000000
0000000111101111000000000000
0000000111111111000000000000
0000000011111111000000000000
0000000000001111000000000000
0000000000001110000000000000
0000000111101110000000000000
0000000111111110000000000000
0000000011111100000000000000
0000000000110000000000000000
0000000000000000000000000000
0000000000000000000000000000
0000000000000000000000000000
0000000000000000000000000000
0000000000000000000000000000
0000000000000000000000000000
0000000000000000000000000000
0000000000000000000000000000
0000000000000000000000000000
0000000000000000000000000000
