0000000000000000000000000000
0000000000000000000000000000
0000000000000000000000000000
0000000000000000000110000000
0000000000000000111111110000
0000000000000001111111111000
0000000000000011100000011100
0000000000000011100000011100
0000000000000111100000011110
0000000000000011100000011110
0000000000000011100000011110
0000000000000001111111111110
0000000000000000111111111110
0000000000000000011111011100
0000000000000000000000011100
0000000000000011100000011100
0000000000000011110001111000
0000000000000001111111110000
0000000000000000111111100000
0000000000000000000000000000
0000000000000000000000000000
0000000000000000000000000000
0000000000000000000000000000
0000000000000000000000000000
0000000000000000000000000000
0000000000000000000000000000
0000000000000000000000000000
0000000000000000000000000000
