0000000000000000000000000000
0000000000000000000000000000
0000000000000000000000000000
0000000000000000000000000000
0000000000000000000000000000
0000000000000000011000000000
0000000000000001111100000000
0000000000000011111110000000
0000000000000011000110000000
0000000000000110000111000000
0000000000000110000011000000
0000000000000110000011000000
0000000000000110000111000000
0000000000000011000111000000
0000000000000011111111000000
0000000000000011111111000000
0000000000000000100011000000
0000000000000000000010000000
0000000000000010000110000000
0000000000000011000110000000
0000000000000011111100000000
0000000000000011111100000000
0000000000000000110000000000
0000000000000000000000000000
0000000000000000000000000000
0000000000000000000000000000
0000000000000000000000000000
0000000000000000000000000000
