0000000000000000000000000000
0000000000000000000000000000
0000000000000000000000000000
0000000000000000000000000000
0000000000000000000000000000
0000000000000000000000000000
0000000000000000000000000000
0000000000000000000000000000
0000000011100000000000000000
0000001111110000000000000000
0000011111111000000000000000
0000011100011100000000000000
0000111000011100000000000000
0000111000001110000000000000
0000111000001110000000000000
0000111000001110000000000000
0000011110011100000000000000
0000011111111100000000000000
0000001111111100000000000000
0000000000011100000000000000
0000000000111000000000000000
0000000001110000000000000000
0000001111100000000000000000
0000001111000000000000000000
0000001100000000000000000000
0000000000000000000000000000
0000000000000000000000000000
0000000000000000000000000000
