0000000000000000000000000000
0000000000000000000000000000
0000000000000000000000000000
0000000000000000000000000000
0000000000000000000000000000
0000000000000000000000000000
0000000000000000111100000000
0000000000000001111111000000
0000000000000011111111000000
0000000000000011000011100000
0000000000000111000001100000
0000000000000111000001100000
0000000000000111000001110000
0000000000000011000011110000
0000000000000011111111110000
0000000000000001111111100000
0000000000000000001001100000
0000000000000010000001100000
0000000000000111000011100000
0000000000000011100111000000
0000000000000001111110000000
0000000000000000111100000000
0000000000000000000000000000
0000000000000000000000000000
0000000000000000000000000000
0000000000000000000000000000
0000000000000000000000000000
0000000000000000000000000000
