0000000000000000000000000000
0000000000000000000000000000
0000000000000000000000000000
0000000000000000000000000000
0000000000000000000000000000
0000000000000000000000000000
0000000000000000000000000000
0000000000000000000000000000
0000000000000000000000000000
0000000000000000000000000000
0000000111100000000000000000
0000001111110000000000000000
0000011111111000000000000000
0000111100111100000000000000
0000111100011100000000000000
0000111100111100000000000000
0000011111111100000000000000
0000011111111100000000000000
0000000000011100000000000000
0000000000011100000000000000
0000011110111100000000000000
0000011111111000000000000000
0000001111110000000000000000
0000000011000000000000000000
0000000000000000000000000000
0000000000000000000000000000
0000000000000000000000000000
0000000000000000000000000000
