0000000000000000000000000000
0000000000000000000000000000
0000000000000000000000000000
0000000000000000000000000000
0000000000000000000000000000
0000000000000000000000000000
0000000000000000000000000000
0000000000000000000000000000
0000000000000000000000000000
0000000000000000000000000000
0000000000000000000000000000
0000000000000000000000000000
0000000000000011111110000000
0000000000000111111111100000
0000000000001111101111110000
0000000000011111000011110000
0000000000011111000011111000
0000000000001111100111111000
0000000000001111111111111000
0000000000000111111111111000
0000000000000000000011110000
0000000000000000000011110000
0000000000001111110111110000
0000000000000111111111100000
0000000000000011111110000000
0000000000000000000000000000
0000000000000000000000000000
0000000000000000000000000000
