0000000000000000000000000000
0000000000000000000000000000
0011000000000000000000000100
0011000000000000000000000000
0011000000000000000000000000
0011000000000000000000000000
0011000000000111110000000000
0010000000011111111100000000
0010000000111111111100000000
0010000000111111111110000000
0010000001111100111110000000
0010000001111000111110000000
0010000001111100011110000000
0010000001111111111110000000
0010000000111111111110000000
0010000000111111111110000000
0010000000011111111110000000
0010000000011111111110000000
0010000000111101111100000000
0010000001111111111100000000
0010000000111111111000000000
0010000000011111110000000000
0010000000000111100000000000
0010000000000000000000000000
0011000000000000000000000000
0011111111111111111111111100
0000000000000000000000000000
0000000000000000000000000000
