0000000000000000000000000000
0000000000000000000000000000
0011000000000000000000000000
0011000000000000000000000000
0011000000000000000000000000
0011000000000000000000000000
0011000000001111110000000000
0011000000011111111000000000
0011000000011111111100000000
0011000000111100011110000000
0011000000111000001110000000
0011000000111100001110000000
0011000000111100011110000000
0011000000011111111110000000
0011000000011111111110000000
0011000000001111111110000000
0011000000000000111110000000
0011000000011000011100000000
0011000000011110011100000000
0011000000011111111000000000
0011000000001111110000000000
0011000000000000000000000000
0011000000000000000000000000
0011000000000000000000000000
0011000000000000000000000000
0011000000000000000000000000
0000000000000000000000000000
0000000000000000000000000000
