0000000000000000000000000000
0000000000000000000000000000
0011000000000000000000000000
0011000000000000000000000000
0011000000000000000000000000
0011000000000000000000000000
0011000000000011111000000000
0011000000000111111100000000
0011000000001110011100000000
0011000000001110001110000000
0011000000001110001110000000
0011000000001110001110000000
0011000000001111111110000000
0011000000000111111110000000
0011000000000000001100000000
0011000000000000001100000000
0011000000001110011100000000
0011000000000111111000000000
0011000000000011100000000000
0011000000000000000000000000
0011000000000000000000000000
0011000000000000000000000000
0011000000000000000000000000
0011000000000000000000000000
0011000000000000000000000000
0011000000000000000000000000
0000000000000000000000000000
0000000000000000000000000000
