0000000000000000000000000000
0000000000000000000000000000
0000000000000000000000000000
0000000000000000000000000000
0000000000000000000000000000
0000000000000000000000000000
0000000000000000000000000000
0000000000001111100000000000
0000000000111111110000000000
0000000000111111111000000000
0000000000111101111000000000
0000000001111001111000000000
0000000001111101111000000000
0000000000111111111000000000
0000000000111111111000000000
0000000000011111111000000000
0000000000111111111000000000
0000000000111111111000000000
0000000000111111110000000000
0000000000011111100000000000
0000000000001111000000000000
0000000000000000000000000000
0000000000000000000000000000
0000000000000000000000000000
0000000000000000000000000000
0000000000000000000000000000
0000000000000000000000000000
0000000000000000000000000000
