0000000000000000000000000000
0000000000000000000000000000
0000000000000000000000000000
0000000000000000000000000000
0000000000000000000000000000
0000000000000000000000000000
0000000000000000000000000000
0000000000000111000000000000
0000000000001000110000000000
0000000000010000010000000000
0000000000010000011000000000
0000000000110000011000000000
0000000000110000011000000000
0000000000011000011000000000
0000000000011000011000000000
0000000000001111111000000000
0000000000000000010000000000
0000000000000000110000000000
0000000000000001100000000000
0000000000000011000000000000
0000000000000110000000000000
0000000000010000000000000000
0000000000000000000000000000
0000000000000000000000000000
0000000000000000000000000000
0000000000000000000000000000
0000000000000000000000000000
0000000000000000000000000000
