0000000000000000000000000000
0000000000000000000000000000
0000000000000000000000000000
0000000000000000000000000000
0000000000000000000000000000
0000000000000000000000000000
0000000000000000000000000000
0000000000000111100000000000
0000000000011111110000000000
0000000000111100111000000000
0000000000110000011100000000
0000000000110000001100000000
0000000001110000001100000000
0000000000110000001100000000
0000000000110000011100000000
0000000000111000111100000000
0000000000011111111100000000
0000000000001111101100000000
0000000000000000001100000000
0000000000110000011100000000
0000000000110000011000000000
0000000000111101111000000000
0000000000011111110000000000
0000000000000111000000000000
0000000000000000000000000000
0000000000000000000000000000
0000000000000000000000000000
0000000000000000000000000000
