0000000000000000000000000000
0000000000000000000000000000
0000000000000000000000000000
0000000000000000000000000000
0000000000000000000000000000
0000000000000000000000000000
0000000000111111000000000000
0000000011111111100000000000
0000000011100001100000000000
0000000111000001110000000000
0000000111000000110000000000
0000000111000000110000000000
0000000111000001110000000000
0000000011000001110000000000
0000000011111111110000000000
0000000001111110110000000000
0000000000011100110000000000
0000000000000001110000000000
0000000011000001110000000000
0000000011000011100000000000
0000000011111111000000000000
0000000001111110000000000000
0000000000000000000000000000
0000000000000000000000000000
0000000000000000000000000000
0000000000000000000000000000
0000000000000000000000000000
0000000000000000000000000000
